Running 30s test @ http://188.166.188.181
  2 threads and 100 connections
  Thread calibration: mean lat.: 6446.394ms, rate sampling interval: 18677ms
  Thread calibration: mean lat.: 6298.104ms, rate sampling interval: 18366ms
  Thread Stats   Avg      Stdev     Max   +/- Stdev
    Latency    17.01s     4.97s   29.08s    54.00%
    Req/Sec    54.00      5.00    59.00    100.00%
  Latency Distribution (HdrHistogram - Recorded Latency)
 50.000%   16.70s 
 75.000%   20.99s 
 90.000%   24.02s 
 99.000%   28.07s 
 99.900%   28.85s 
 99.990%   29.10s 
 99.999%   29.10s 
100.000%   29.10s 

  Detailed Percentile spectrum:
       Value   Percentile   TotalCount 1/(1-Percentile)

    9486.335     0.000000            1         1.00
   10821.631     0.100000          208         1.11
   11542.527     0.200000          415         1.25
   13385.727     0.300000          620         1.43
   15130.623     0.400000          825         1.67
   16703.487     0.500000         1033         2.00
   17448.959     0.550000         1135         2.22
   18219.007     0.600000         1238         2.50
   19021.823     0.650000         1341         2.86
   19890.175     0.700000         1445         3.33
   20987.903     0.750000         1546         4.00
   21528.575     0.775000         1599         4.44
   22200.319     0.800000         1651         5.00
   22593.535     0.825000         1701         5.71
   23085.055     0.850000         1754         6.67
   23560.191     0.875000         1805         8.00
   23805.951     0.887500         1831         8.89
   24018.943     0.900000         1856        10.00
   24248.319     0.912500         1882        11.43
   24461.311     0.925000         1908        13.33
   24657.919     0.937500         1933        16.00
   24838.143     0.943750         1948        17.78
   24952.831     0.950000         1958        20.00
   25133.055     0.956250         1974        22.86
   25378.815     0.962500         1984        26.67
   26214.399     0.968750         1997        32.00
   26918.911     0.971875         2004        35.56
   27148.287     0.975000         2010        40.00
   27344.895     0.978125         2017        45.71
   27639.807     0.981250         2023        53.33
   27803.647     0.984375         2029        64.00
   27901.951     0.985938         2033        71.11
   28000.255     0.987500         2036        80.00
   28049.407     0.989062         2039        91.43
   28147.711     0.990625         2042       106.67
   28196.863     0.992188         2045       128.00
   28295.167     0.992969         2048       142.22
   28311.551     0.993750         2049       160.00
   28426.239     0.994531         2050       182.86
   28475.391     0.995313         2054       213.33
   28475.391     0.996094         2054       256.00
   28475.391     0.996484         2054       284.44
   28590.079     0.996875         2055       320.00
   28606.463     0.997266         2056       365.71
   28639.231     0.997656         2057       426.67
   28639.231     0.998047         2057       512.00
   28737.535     0.998242         2058       568.89
   28737.535     0.998437         2058       640.00
   28852.223     0.998633         2059       731.43
   28852.223     0.998828         2059       853.33
   28852.223     0.999023         2059      1024.00
   29081.599     0.999121         2060      1137.78
   29081.599     0.999219         2060      1280.00
   29081.599     0.999316         2060      1462.86
   29081.599     0.999414         2060      1706.67
   29081.599     0.999512         2060      2048.00
   29097.983     0.999561         2061      2275.56
   29097.983     1.000000         2061          inf
#[Mean    =    17010.322, StdDeviation   =     4971.809]
#[Max     =    29081.600, Total count    =         2061]
#[Buckets =           27, SubBuckets     =         2048]
----------------------------------------------------------
  2887 requests in 30.29s, 11.78MB read
  Socket errors: connect 0, read 0, write 0, timeout 406
Requests/sec:     95.31
Transfer/sec:    398.16KB
