Running 30s test @ http://188.166.188.181
  2 threads and 100 connections
  Thread calibration: mean lat.: 4845.289ms, rate sampling interval: 17252ms
  Thread calibration: mean lat.: 5099.445ms, rate sampling interval: 17514ms
  Thread Stats   Avg      Stdev     Max   +/- Stdev
    Latency    19.44s     5.34s   28.64s    55.39%
    Req/Sec    35.50      2.50    38.00    100.00%
  Latency Distribution (HdrHistogram - Recorded Latency)
 50.000%   20.59s 
 75.000%   24.35s 
 90.000%   25.59s 
 99.000%   27.31s 
 99.900%   28.64s 
 99.990%   28.66s 
 99.999%   28.66s 
100.000%   28.66s 

  Detailed Percentile spectrum:
       Value   Percentile   TotalCount 1/(1-Percentile)

    9617.407     0.000000            1         1.00
   12132.351     0.100000          132         1.11
   13295.615     0.200000          263         1.25
   14786.559     0.300000          395         1.43
   18743.295     0.400000          523         1.67
   20594.687     0.500000          656         2.00
   21331.967     0.550000          719         2.22
   22298.623     0.600000          786         2.50
   23052.287     0.650000          850         2.86
   23871.487     0.700000          915         3.33
   24346.623     0.750000          983         4.00
   24526.847     0.775000         1014         4.44
   24772.607     0.800000         1046         5.00
   24936.447     0.825000         1079         5.71
   25149.439     0.850000         1113         6.67
   25378.815     0.875000         1144         8.00
   25460.735     0.887500         1160         8.89
   25608.191     0.900000         1179        10.00
   25772.031     0.912500         1195        11.43
   25952.255     0.925000         1211        13.33
   26198.015     0.937500         1229        16.00
   26263.551     0.943750         1234        17.78
   26361.855     0.950000         1243        20.00
   26460.159     0.956250         1251        22.86
   26607.615     0.962500         1260        26.67
   26755.071     0.968750         1267        32.00
   26902.527     0.971875         1271        35.56
   26968.063     0.975000         1275        40.00
   27049.983     0.978125         1279        45.71
   27131.903     0.981250         1284        53.33
   27148.287     0.984375         1287        64.00
   27181.055     0.985938         1289        71.11
   27246.591     0.987500         1291        80.00
   27279.359     0.989062         1293        91.43
   27344.895     0.990625         1295       106.67
   27492.351     0.992188         1297       128.00
   27508.735     0.992969         1298       142.22
   27541.503     0.993750         1299       160.00
   27639.807     0.994531         1300       182.86
   27672.575     0.995313         1302       213.33
   27672.575     0.996094         1302       256.00
   27738.111     0.996484         1303       284.44
   27738.111     0.996875         1303       320.00
   27787.263     0.997266         1304       365.71
   27787.263     0.997656         1304       426.67
   28033.023     0.998047         1305       512.00
   28033.023     0.998242         1305       568.89
   28033.023     0.998437         1305       640.00
   28639.231     0.998633         1306       731.43
   28639.231     0.998828         1306       853.33
   28639.231     0.999023         1306      1024.00
   28639.231     0.999121         1306      1137.78
   28639.231     0.999219         1306      1280.00
   28655.615     0.999316         1307      1462.86
   28655.615     1.000000         1307          inf
#[Mean    =    19439.776, StdDeviation   =     5342.569]
#[Max     =    28639.232, Total count    =         1307]
#[Buckets =           27, SubBuckets     =         2048]
----------------------------------------------------------
  2021 requests in 30.29s, 8.25MB read
  Socket errors: connect 0, read 2, write 0, timeout 523
Requests/sec:     66.72
Transfer/sec:    278.82KB
