Running 30s test @ http://188.166.243.15
  2 threads and 100 connections
  Thread calibration: mean lat.: 4938.812ms, rate sampling interval: 17170ms
  Thread calibration: mean lat.: 5862.460ms, rate sampling interval: 16678ms
  Thread Stats   Avg      Stdev     Max   +/- Stdev
    Latency    18.42s     5.63s   28.56s    61.52%
    Req/Sec    40.50      0.50    41.00    100.00%
  Latency Distribution (HdrHistogram - Recorded Latency)
 50.000%   16.81s
 75.000%   23.40s
 90.000%   27.05s
 99.000%   28.20s
 99.900%   28.46s
 99.990%   28.57s
 99.999%   28.57s
100.000%   28.57s

  Detailed Percentile spectrum:
       Value   Percentile   TotalCount 1/(1-Percentile)

    8986.623     0.000000            1         1.00
   11526.143     0.100000          170         1.11
   13238.271     0.200000          340         1.25
   14647.295     0.300000          508         1.43
   15818.751     0.400000          678         1.67
   16809.983     0.500000          846         2.00
   17416.191     0.550000          931         2.22
   19038.207     0.600000         1017         2.50
   21184.511     0.650000         1101         2.86
   22478.847     0.700000         1185         3.33
   23396.351     0.750000         1269         4.00
   24035.327     0.775000         1313         4.44
   24821.759     0.800000         1354         5.00
   25853.951     0.825000         1396         5.71
   26296.319     0.850000         1439         6.67
   26656.767     0.875000         1482         8.00
   26902.527     0.887500         1502         8.89
   27049.983     0.900000         1525        10.00
   27181.055     0.912500         1545        11.43
   27312.127     0.925000         1566        13.33
   27459.583     0.937500         1587        16.00
   27508.735     0.943750         1600        17.78
   27590.655     0.950000         1609        20.00
   27672.575     0.956250         1618        22.86
   27803.647     0.962500         1631        26.67
   27852.799     0.968750         1640        32.00
   27918.335     0.971875         1648        35.56
   27934.719     0.975000         1650        40.00
   28016.639     0.978125         1655        45.71
   28098.559     0.981250         1663        53.33
   28114.943     0.984375         1666        64.00
   28147.711     0.985938         1669        71.11
   28164.095     0.987500         1672        80.00
   28196.863     0.989062         1676        91.43
   28213.247     0.990625         1677       106.67
   28246.015     0.992188         1680       128.00
   28278.783     0.992969         1681       142.22
   28295.167     0.993750         1682       160.00
   28311.551     0.994531         1683       182.86
   28377.087     0.995313         1685       213.33
   28393.471     0.996094         1686       256.00
   28409.855     0.996484         1687       284.44
   28409.855     0.996875         1687       320.00
   28459.007     0.997266         1690       365.71
   28459.007     0.997656         1690       426.67
   28459.007     0.998047         1690       512.00
   28459.007     0.998242         1690       568.89
   28459.007     0.998437         1690       640.00
   28459.007     0.998633         1690       731.43
   28475.391     0.998828         1691       853.33
   28475.391     0.999023         1691      1024.00
   28475.391     0.999121         1691      1137.78
   28475.391     0.999219         1691      1280.00
   28475.391     0.999316         1691      1462.86
   28573.695     0.999414         1692      1706.67
   28573.695     1.000000         1692          inf
#[Mean    =    18421.358, StdDeviation   =     5632.378]
#[Max     =    28557.312, Total count    =         1692]
#[Buckets =           27, SubBuckets     =         2048]
----------------------------------------------------------
  2661 requests in 30.16s, 11.48MB read
  Socket errors: connect 0, read 0, write 0, timeout 221
Requests/sec:     88.24
Transfer/sec:    389.91KB
