Running 30s test @ http://188.166.243.15
  2 threads and 100 connections
  Thread calibration: mean lat.: 4258.149ms, rate sampling interval: 16424ms
  Thread calibration: mean lat.: 4190.806ms, rate sampling interval: 14876ms
  Thread Stats   Avg      Stdev     Max   +/- Stdev
    Latency    18.26s     5.33s   28.26s    55.66%
    Req/Sec    65.50      1.50    67.00    100.00%
  Latency Distribution (HdrHistogram - Recorded Latency)
 50.000%   17.63s
 75.000%   23.36s
 90.000%   25.56s
 99.000%   27.53s
 99.900%   28.08s
 99.990%   28.28s
 99.999%   28.28s
100.000%   28.28s

  Detailed Percentile spectrum:
       Value   Percentile   TotalCount 1/(1-Percentile)

    8781.823     0.000000            2         1.00
   11239.423     0.100000          266         1.11
   12787.711     0.200000          531         1.25
   14467.071     0.300000          797         1.43
   16072.703     0.400000         1062         1.67
   17629.183     0.500000         1327         2.00
   18677.759     0.550000         1460         2.22
   19906.559     0.600000         1592         2.50
   21135.359     0.650000         1724         2.86
   22495.231     0.700000         1858         3.33
   23363.583     0.750000         1991         4.00
   23740.415     0.775000         2057         4.44
   24018.943     0.800000         2122         5.00
   24363.007     0.825000         2190         5.71
   24739.839     0.850000         2257         6.67
   25116.671     0.875000         2321         8.00
   25296.895     0.887500         2354         8.89
   25559.039     0.900000         2388        10.00
   25804.799     0.912500         2423        11.43
   26050.559     0.925000         2455        13.33
   26247.167     0.937500         2488        16.00
   26411.007     0.943750         2505        17.78
   26525.695     0.950000         2520        20.00
   26656.767     0.956250         2540        22.86
   26722.303     0.962500         2553        26.67
   26886.143     0.968750         2570        32.00
   27000.831     0.971875         2579        35.56
   27049.983     0.975000         2589        40.00
   27099.135     0.978125         2594        45.71
   27213.823     0.981250         2604        53.33
   27394.047     0.984375         2612        64.00
   27426.815     0.985938         2616        71.11
   27459.583     0.987500         2619        80.00
   27508.735     0.989062         2624        91.43
   27639.807     0.990625         2629       106.67
   27705.343     0.992188         2632       128.00
   27721.727     0.992969         2634       142.22
   27738.111     0.993750         2636       160.00
   27836.415     0.994531         2639       182.86
   27852.799     0.995313         2640       213.33
   27901.951     0.996094         2642       256.00
   27918.335     0.996484         2643       284.44
   27983.871     0.996875         2644       320.00
   28000.255     0.997266         2646       365.71
   28000.255     0.997656         2646       426.67
   28049.407     0.998047         2647       512.00
   28065.791     0.998242         2648       568.89
   28065.791     0.998437         2648       640.00
   28082.175     0.998633         2649       731.43
   28082.175     0.998828         2649       853.33
   28180.479     0.999023         2650      1024.00
   28180.479     0.999121         2650      1137.78
   28180.479     0.999219         2650      1280.00
   28278.783     0.999316         2652      1462.86
   28278.783     1.000000         2652          inf
#[Mean    =    18259.545, StdDeviation   =     5333.555]
#[Max     =    28262.400, Total count    =         2652]
#[Buckets =           27, SubBuckets     =         2048]
----------------------------------------------------------
  3750 requests in 30.02s, 16.19MB read
  Socket errors: connect 0, read 0, write 0, timeout 65
Requests/sec:    124.91
Transfer/sec:    552.24KB
