Running 30s test @ http://google.com
  2 threads and 100 connections
  Thread calibration: mean lat.: 4650.598ms, rate sampling interval: 16138ms
  Thread calibration: mean lat.: 4625.422ms, rate sampling interval: 16154ms
  Thread Stats   Avg      Stdev     Max   +/- Stdev
    Latency    17.66s     5.01s   26.62s    57.75%
    Req/Sec   121.00      0.00   121.00    100.00%
  Latency Distribution (HdrHistogram - Recorded Latency)
 50.000%   17.68s 
 75.000%   22.04s 
 90.000%   24.58s 
 99.000%   26.13s 
 99.900%   26.49s 
 99.990%   26.64s 
 99.999%   26.64s 
100.000%   26.64s 

  Detailed Percentile spectrum:
       Value   Percentile   TotalCount 1/(1-Percentile)

    8839.167     0.000000            1         1.00
   10674.175     0.100000          481         1.11
   12410.879     0.200000          961         1.25
   14180.351     0.300000         1441         1.43
   15966.207     0.400000         1922         1.67
   17678.335     0.500000         2403         2.00
   18563.071     0.550000         2644         2.22
   19398.655     0.600000         2883         2.50
   20283.391     0.650000         3128         2.86
   21135.359     0.700000         3362         3.33
   22036.479     0.750000         3606         4.00
   22478.847     0.775000         3728         4.44
   22888.447     0.800000         3843         5.00
   23298.047     0.825000         3964         5.71
   23724.031     0.850000         4083         6.67
   24133.631     0.875000         4203         8.00
   24379.391     0.887500         4267         8.89
   24575.999     0.900000         4322        10.00
   24821.759     0.912500         4385        11.43
   25018.367     0.925000         4442        13.33
   25247.743     0.937500         4502        16.00
   25346.047     0.943750         4536        17.78
   25460.735     0.950000         4565        20.00
   25542.655     0.956250         4592        22.86
   25640.959     0.962500         4622        26.67
   25772.031     0.968750         4653        32.00
   25821.183     0.971875         4669        35.56
   25870.335     0.975000         4682        40.00
   25919.487     0.978125         4699        45.71
   25968.639     0.981250         4713        53.33
   26034.175     0.984375         4732        64.00
   26050.559     0.985938         4737        71.11
   26083.327     0.987500         4745        80.00
   26116.095     0.989062         4752        91.43
   26148.863     0.990625         4759       106.67
   26181.631     0.992188         4765       128.00
   26198.015     0.992969         4769       142.22
   26230.783     0.993750         4773       160.00
   26279.935     0.994531         4777       182.86
   26296.319     0.995313         4780       213.33
   26312.703     0.996094         4785       256.00
   26345.471     0.996484         4787       284.44
   26345.471     0.996875         4787       320.00
   26361.855     0.997266         4789       365.71
   26394.623     0.997656         4792       426.67
   26411.007     0.998047         4794       512.00
   26411.007     0.998242         4794       568.89
   26443.775     0.998437         4796       640.00
   26443.775     0.998633         4796       731.43
   26492.927     0.998828         4798       853.33
   26492.927     0.999023         4798      1024.00
   26492.927     0.999121         4798      1137.78
   26525.695     0.999219         4799      1280.00
   26525.695     0.999316         4799      1462.86
   26542.079     0.999414         4800      1706.67
   26542.079     0.999512         4800      2048.00
   26542.079     0.999561         4800      2275.56
   26558.463     0.999609         4801      2560.00
   26558.463     0.999658         4801      2925.71
   26558.463     0.999707         4801      3413.33
   26558.463     0.999756         4801      4096.00
   26558.463     0.999780         4801      4551.11
   26640.383     0.999805         4802      5120.00
   26640.383     1.000000         4802          inf
#[Mean    =    17659.176, StdDeviation   =     5012.734]
#[Max     =    26624.000, Total count    =         4802]
#[Buckets =           27, SubBuckets     =         2048]
----------------------------------------------------------
  7172 requests in 30.02s, 5.31MB read
Requests/sec:    238.94
Transfer/sec:    181.07KB
