Running 30s test @ http://188.166.188.181
  2 threads and 100 connections
  Thread calibration: mean lat.: 5724.134ms, rate sampling interval: 17072ms
  Thread calibration: mean lat.: 5495.291ms, rate sampling interval: 17072ms
  Thread Stats   Avg      Stdev     Max   +/- Stdev
    Latency    16.12s     4.33s   26.64s    66.33%
    Req/Sec   151.00      0.00   151.00    100.00%
  Latency Distribution (HdrHistogram - Recorded Latency)
 50.000%   15.36s 
 75.000%   18.84s 
 90.000%   22.84s 
 99.000%   25.99s 
 99.900%   26.43s 
 99.990%   26.61s 
 99.999%   26.66s 
100.000%   26.66s 

  Detailed Percentile spectrum:
       Value   Percentile   TotalCount 1/(1-Percentile)

    8953.855     0.000000            1         1.00
   11091.967     0.100000          567         1.11
   12148.735     0.200000         1137         1.25
   13402.111     0.300000         1705         1.43
   14114.815     0.400000         2265         1.67
   15359.999     0.500000         2829         2.00
   16097.279     0.550000         3116         2.22
   16957.439     0.600000         3395         2.50
   17383.423     0.650000         3687         2.86
   17907.711     0.700000         3962         3.33
   18841.599     0.750000         4247         4.00
   19300.351     0.775000         4387         4.44
   19709.951     0.800000         4529         5.00
   20234.239     0.825000         4670         5.71
   20840.447     0.850000         4812         6.67
   22069.247     0.875000         4952         8.00
   22462.463     0.887500         5022         8.89
   22855.679     0.900000         5094        10.00
   23461.887     0.912500         5163        11.43
   24084.479     0.925000         5234        13.33
   24494.079     0.937500         5308        16.00
   24674.303     0.943750         5340        17.78
   24887.295     0.950000         5376        20.00
   25067.519     0.956250         5412        22.86
   25280.511     0.962500         5447        26.67
   25427.967     0.968750         5484        32.00
   25493.503     0.971875         5499        35.56
   25608.191     0.975000         5520        40.00
   25657.343     0.978125         5538        45.71
   25739.263     0.981250         5558        53.33
   25821.183     0.984375         5573        64.00
   25853.951     0.985938         5579        71.11
   25919.487     0.987500         5590        80.00
   25952.255     0.989062         5597        91.43
   26017.791     0.990625         5609       106.67
   26034.175     0.992188         5614       128.00
   26066.943     0.992969         5619       142.22
   26083.327     0.993750         5624       160.00
   26116.095     0.994531         5629       182.86
   26148.863     0.995313         5632       213.33
   26198.015     0.996094         5636       256.00
   26247.167     0.996484         5639       284.44
   26279.935     0.996875         5641       320.00
   26312.703     0.997266         5643       365.71
   26329.087     0.997656         5645       426.67
   26345.471     0.998047         5647       512.00
   26411.007     0.998242         5650       568.89
   26411.007     0.998437         5650       640.00
   26427.391     0.998633         5652       731.43
   26427.391     0.998828         5652       853.33
   26460.159     0.999023         5653      1024.00
   26509.311     0.999121         5655      1137.78
   26509.311     0.999219         5655      1280.00
   26509.311     0.999316         5655      1462.86
   26509.311     0.999414         5655      1706.67
   26558.463     0.999512         5656      2048.00
   26558.463     0.999561         5656      2275.56
   26558.463     0.999609         5656      2560.00
   26607.615     0.999658         5657      2925.71
   26607.615     0.999707         5657      3413.33
   26607.615     0.999756         5657      4096.00
   26607.615     0.999780         5657      4551.11
   26607.615     0.999805         5657      5120.00
   26656.767     0.999829         5658      5851.43
   26656.767     1.000000         5658          inf
#[Mean    =    16115.270, StdDeviation   =     4329.758]
#[Max     =    26640.384, Total count    =         5658]
#[Buckets =           27, SubBuckets     =         2048]
----------------------------------------------------------
  7332 requests in 30.01s, 29.89MB read
  Socket errors: connect 0, read 0, write 0, timeout 93
Requests/sec:    244.29
Transfer/sec:      1.00MB
