Running 30s test @ http://188.166.243.15
  2 threads and 100 connections
  Thread calibration: mean lat.: 4854.646ms, rate sampling interval: 16752ms
  Thread calibration: mean lat.: 4804.337ms, rate sampling interval: 16891ms
  Thread Stats   Avg      Stdev     Max   +/- Stdev
    Latency    18.46s     5.26s   27.92s    56.14%
    Req/Sec    75.50      0.50    76.00    100.00%
  Latency Distribution (HdrHistogram - Recorded Latency)
 50.000%   18.56s
 75.000%   22.61s
 90.000%   25.76s
 99.000%   27.41s
 99.900%   27.75s
 99.990%   27.93s
 99.999%   27.93s
100.000%   27.93s

  Detailed Percentile spectrum:
       Value   Percentile   TotalCount 1/(1-Percentile)

    9338.879     0.000000            1         1.00
   11362.303     0.100000          304         1.11
   13008.895     0.200000          612         1.25
   15024.127     0.300000          912         1.43
   16482.303     0.400000         1218         1.67
   18563.071     0.500000         1521         2.00
   19464.191     0.550000         1672         2.22
   20267.007     0.600000         1824         2.50
   20971.519     0.650000         1976         2.86
   21889.023     0.700000         2129         3.33
   22626.303     0.750000         2281         4.00
   23789.567     0.775000         2357         4.44
   24313.855     0.800000         2432         5.00
   24690.687     0.825000         2508         5.71
   25034.751     0.850000         2584         6.67
   25411.583     0.875000         2661         8.00
   25591.807     0.887500         2699         8.89
   25755.647     0.900000         2741        10.00
   25952.255     0.912500         2775        11.43
   26214.399     0.925000         2818        13.33
   26411.007     0.937500         2850        16.00
   26558.463     0.943750         2874        17.78
   26607.615     0.950000         2888        20.00
   26705.919     0.956250         2907        22.86
   26853.375     0.962500         2927        26.67
   26984.447     0.968750         2946        32.00
   27033.599     0.971875         2955        35.56
   27082.751     0.975000         2970        40.00
   27115.519     0.978125         2973        45.71
   27164.671     0.981250         2985        53.33
   27295.743     0.984375         2993        64.00
   27328.511     0.985938         3000        71.11
   27361.279     0.987500         3003        80.00
   27394.047     0.989062         3007        91.43
   27426.815     0.990625         3011       106.67
   27459.583     0.992188         3016       128.00
   27475.967     0.992969         3018       142.22
   27541.503     0.993750         3022       160.00
   27557.887     0.994531         3024       182.86
   27590.655     0.995313         3027       213.33
   27607.039     0.996094         3028       256.00
   27623.423     0.996484         3029       284.44
   27639.807     0.996875         3030       320.00
   27656.191     0.997266         3031       365.71
   27672.575     0.997656         3032       426.67
   27688.959     0.998047         3034       512.00
   27688.959     0.998242         3034       568.89
   27721.727     0.998437         3035       640.00
   27721.727     0.998633         3035       731.43
   27754.495     0.998828         3036       853.33
   27787.263     0.999023         3038      1024.00
   27787.263     0.999121         3038      1137.78
   27787.263     0.999219         3038      1280.00
   27787.263     0.999316         3038      1462.86
   27787.263     0.999414         3038      1706.67
   27787.263     0.999512         3038      2048.00
   27787.263     0.999561         3038      2275.56
   27787.263     0.999609         3038      2560.00
   27787.263     0.999658         3038      2925.71
   27934.719     0.999707         3039      3413.33
   27934.719     1.000000         3039          inf
#[Mean    =    18460.305, StdDeviation   =     5255.535]
#[Max     =    27918.336, Total count    =         3039]
#[Buckets =           27, SubBuckets     =         2048]
----------------------------------------------------------
  4601 requests in 30.02s, 19.86MB read
  Socket errors: connect 0, read 0, write 0, timeout 22
Requests/sec:    153.25
Transfer/sec:    677.53KB
