Running 30s test @ http://188.166.243.15
  2 threads and 100 connections
  Thread calibration: mean lat.: 5059.478ms, rate sampling interval: 16777ms
  Thread calibration: mean lat.: 4893.137ms, rate sampling interval: 16842ms
  Thread Stats   Avg      Stdev     Max   +/- Stdev
    Latency    18.28s     5.00s   28.16s    56.16%
    Req/Sec    69.00      0.00    69.00    100.00%
  Latency Distribution (HdrHistogram - Recorded Latency)
 50.000%   17.92s
 75.000%   22.79s
 90.000%   25.25s
 99.000%   27.00s
 99.900%   27.69s
 99.990%   28.18s
 99.999%   28.18s
100.000%   28.18s

  Detailed Percentile spectrum:
       Value   Percentile   TotalCount 1/(1-Percentile)

    9437.183     0.000000            1         1.00
   11714.559     0.100000          263         1.11
   13156.351     0.200000          527         1.25
   14663.679     0.300000          787         1.43
   16482.303     0.400000         1050         1.67
   17924.095     0.500000         1313         2.00
   18644.991     0.550000         1447         2.22
   19480.575     0.600000         1576         2.50
   20905.983     0.650000         1705         2.86
   21954.559     0.700000         1842         3.33
   22790.143     0.750000         1968         4.00
   23363.583     0.775000         2034         4.44
   23969.791     0.800000         2099         5.00
   24379.391     0.825000         2165         5.71
   24674.303     0.850000         2234         6.67
   24969.215     0.875000         2298         8.00
   25116.671     0.887500         2330         8.89
   25247.743     0.900000         2364        10.00
   25362.431     0.912500         2395        11.43
   25542.655     0.925000         2429        13.33
   25657.343     0.937500         2460        16.00
   25755.647     0.943750         2476        17.78
   25870.335     0.950000         2494        20.00
   25968.639     0.956250         2510        22.86
   26165.247     0.962500         2526        26.67
   26279.935     0.968750         2542        32.00
   26443.775     0.971875         2551        35.56
   26492.927     0.975000         2561        40.00
   26574.847     0.978125         2566        45.71
   26705.919     0.981250         2574        53.33
   26804.223     0.984375         2583        64.00
   26836.991     0.985938         2589        71.11
   26902.527     0.987500         2592        80.00
   26968.063     0.989062         2595        91.43
   27017.215     0.990625         2599       106.67
   27082.751     0.992188         2605       128.00
   27082.751     0.992969         2605       142.22
   27115.519     0.993750         2607       160.00
   27197.439     0.994531         2609       182.86
   27312.127     0.995313         2612       213.33
   27361.279     0.996094         2614       256.00
   27361.279     0.996484         2614       284.44
   27525.119     0.996875         2615       320.00
   27590.655     0.997266         2616       365.71
   27639.807     0.997656         2617       426.67
   27656.191     0.998047         2618       512.00
   27688.959     0.998242         2620       568.89
   27688.959     0.998437         2620       640.00
   27688.959     0.998633         2620       731.43
   27688.959     0.998828         2620       853.33
   27934.719     0.999023         2621      1024.00
   27934.719     0.999121         2621      1137.78
   27934.719     0.999219         2621      1280.00
   28033.023     0.999316         2622      1462.86
   28033.023     0.999414         2622      1706.67
   28033.023     0.999512         2622      2048.00
   28033.023     0.999561         2622      2275.56
   28033.023     0.999609         2622      2560.00
   28180.479     0.999658         2623      2925.71
   28180.479     1.000000         2623          inf
#[Mean    =    18283.396, StdDeviation   =     5003.237]
#[Max     =    28164.096, Total count    =         2623]
#[Buckets =           27, SubBuckets     =         2048]
----------------------------------------------------------
  3809 requests in 30.06s, 16.44MB read
  Socket errors: connect 0, read 0, write 0, timeout 55
Requests/sec:    126.72
Transfer/sec:    560.11KB
