Running 30s test @ http://188.166.243.15
  2 threads and 100 connections
  Thread calibration: mean lat.: 4820.391ms, rate sampling interval: 16908ms
  Thread calibration: mean lat.: 4830.667ms, rate sampling interval: 16891ms
  Thread Stats   Avg      Stdev     Max   +/- Stdev
    Latency    19.42s     5.25s   28.61s    65.23%
    Req/Sec    45.50      0.50    46.00    100.00%
  Latency Distribution (HdrHistogram - Recorded Latency)
 50.000%   19.81s
 75.000%   23.41s
 90.000%   26.79s
 99.000%   28.16s
 99.900%   28.57s
 99.990%   28.62s
 99.999%   28.62s
100.000%   28.62s

  Detailed Percentile spectrum:
       Value   Percentile   TotalCount 1/(1-Percentile)

    9281.535     0.000000            1         1.00
   11386.879     0.100000          184         1.11
   14819.327     0.200000          368         1.25
   16580.607     0.300000          550         1.43
   18120.703     0.400000          733         1.67
   19808.255     0.500000          917         2.00
   20594.687     0.550000         1011         2.22
   21315.583     0.600000         1101         2.50
   21872.639     0.650000         1191         2.86
   22560.767     0.700000         1283         3.33
   23412.735     0.750000         1375         4.00
   23887.871     0.775000         1420         4.44
   24215.551     0.800000         1467         5.00
   24821.759     0.825000         1512         5.71
   25591.807     0.850000         1558         6.67
   26247.167     0.875000         1604         8.00
   26558.463     0.887500         1626         8.89
   26787.839     0.900000         1652        10.00
   27017.215     0.912500         1674        11.43
   27213.823     0.925000         1695        13.33
   27492.351     0.937500         1720        16.00
   27557.887     0.943750         1732        17.78
   27656.191     0.950000         1742        20.00
   27754.495     0.956250         1752        22.86
   27852.799     0.962500         1766        26.67
   27918.335     0.968750         1778        32.00
   27951.103     0.971875         1783        35.56
   27983.871     0.975000         1788        40.00
   28000.255     0.978125         1794        45.71
   28033.023     0.981250         1798        53.33
   28098.559     0.984375         1806        64.00
   28114.943     0.985938         1807        71.11
   28147.711     0.987500         1811        80.00
   28164.095     0.989062         1814        91.43
   28180.479     0.990625         1815       106.67
   28246.015     0.992188         1819       128.00
   28262.399     0.992969         1820       142.22
   28278.783     0.993750         1821       160.00
   28295.167     0.994531         1823       182.86
   28327.935     0.995313         1824       213.33
   28393.471     0.996094         1825       256.00
   28409.855     0.996484         1827       284.44
   28409.855     0.996875         1827       320.00
   28409.855     0.997266         1827       365.71
   28442.623     0.997656         1828       426.67
   28557.311     0.998047         1829       512.00
   28557.311     0.998242         1829       568.89
   28573.695     0.998437         1830       640.00
   28573.695     0.998633         1830       731.43
   28573.695     0.998828         1830       853.33
   28590.079     0.999023         1831      1024.00
   28590.079     0.999121         1831      1137.78
   28590.079     0.999219         1831      1280.00
   28590.079     0.999316         1831      1462.86
   28590.079     0.999414         1831      1706.67
   28622.847     0.999512         1832      2048.00
   28622.847     1.000000         1832          inf
#[Mean    =    19419.556, StdDeviation   =     5251.594]
#[Max     =    28606.464, Total count    =         1832]
#[Buckets =           27, SubBuckets     =         2048]
----------------------------------------------------------
  3306 requests in 30.00s, 14.27MB read
  Socket errors: connect 0, read 0, write 0, timeout 123
Requests/sec:    110.20
Transfer/sec:    487.06KB
