Running 2m test @ http://128.199.233.75/app-distribute/behavirol-1.php
  2 threads and 1000 connections
  Thread calibration: mean lat.: 5130.763ms, rate sampling interval: 17793ms
  Thread calibration: mean lat.: 4938.922ms, rate sampling interval: 18022ms
  Thread Stats   Avg      Stdev     Max   +/- Stdev
    Latency    41.17s    18.44s    1.29m    59.02%
    Req/Sec    69.62     10.94    84.00     50.00%
  Latency Distribution (HdrHistogram - Recorded Latency)
 50.000%   39.94s 
 75.000%    0.95m 
 90.000%    1.12m 
 99.000%    1.22m 
 99.900%    1.26m 
 99.990%    1.28m 
 99.999%    1.29m 
100.000%    1.29m 

  Detailed Percentile spectrum:
       Value   Percentile   TotalCount 1/(1-Percentile)

       0.883     0.000000            1         1.00
   16564.223     0.100000         1093         1.11
   22986.751     0.200000         2181         1.25
   28442.623     0.300000         3273         1.43
   33472.511     0.400000         4363         1.67
   39944.191     0.500000         5455         2.00
   44138.495     0.550000         5999         2.22
   47579.135     0.600000         6543         2.50
   50429.951     0.650000         7092         2.86
   53837.823     0.700000         7635         3.33
   57212.927     0.750000         8181         4.00
   58851.327     0.775000         8459         4.44
   60489.727     0.800000         8730         5.00
   62324.735     0.825000         8999         5.71
   63864.831     0.850000         9271         6.67
   65306.623     0.875000         9543         8.00
   66158.591     0.887500         9679         8.89
   67174.399     0.900000         9821        10.00
   68026.367     0.912500         9951        11.43
   68943.871     0.925000        10089        13.33
   69730.303     0.937500        10235        16.00
   69992.447     0.943750        10293        17.78
   70451.199     0.950000        10368        20.00
   70713.343     0.956250        10428        22.86
   71172.095     0.962500        10502        26.67
   71565.311     0.968750        10571        32.00
   71761.919     0.971875        10600        35.56
   72024.063     0.975000        10637        40.00
   72220.671     0.978125        10669        45.71
   72482.815     0.981250        10707        53.33
   72744.959     0.984375        10735        64.00
   72941.567     0.985938        10760        71.11
   73072.639     0.987500        10769        80.00
   73334.783     0.989062        10788        91.43
   73531.391     0.990625        10810       106.67
   73662.463     0.992188        10823       128.00
   73793.535     0.992969        10835       142.22
   73859.071     0.993750        10841       160.00
   73990.143     0.994531        10847       182.86
   74186.751     0.995313        10857       213.33
   74317.823     0.996094        10863       256.00
   74514.431     0.996484        10869       284.44
   74579.967     0.996875        10872       320.00
   74776.575     0.997266        10877       365.71
   75038.719     0.997656        10884       426.67
   75038.719     0.998047        10884       512.00
   75235.327     0.998242        10888       568.89
   75235.327     0.998437        10888       640.00
   75366.399     0.998633        10892       731.43
   75431.935     0.998828        10893       853.33
   75759.615     0.999023        10896      1024.00
   75759.615     0.999121        10896      1137.78
   75825.151     0.999219        10897      1280.00
   75890.687     0.999316        10900      1462.86
   75890.687     0.999414        10900      1706.67
   75890.687     0.999512        10900      2048.00
   75956.223     0.999561        10901      2275.56
   75956.223     0.999609        10901      2560.00
   76087.295     0.999658        10902      2925.71
   76087.295     0.999707        10902      3413.33
   76218.367     0.999756        10903      4096.00
   76218.367     0.999780        10903      4551.11
   76218.367     0.999805        10903      5120.00
   76808.191     0.999829        10904      5851.43
   76808.191     0.999854        10904      6826.67
   76808.191     0.999878        10904      8192.00
   76808.191     0.999890        10904      9102.22
   76808.191     0.999902        10904     10240.00
   77398.015     0.999915        10905     11702.86
   77398.015     1.000000        10905          inf
#[Mean    =    41170.959, StdDeviation   =    18438.116]
#[Max     =    77332.480, Total count    =        10905]
#[Buckets =           27, SubBuckets     =         2048]
----------------------------------------------------------

  Latency Distribution (HdrHistogram - Uncorrected Latency (measured without taking delayed starts into account))
 50.000%    2.61s 
 75.000%    3.42s 
 90.000%    4.31s 
 99.000%    7.18s 
 99.900%   12.32s 
 99.990%   19.87s 
 99.999%   28.90s 
100.000%   28.90s 

  Detailed Percentile spectrum:
       Value   Percentile   TotalCount 1/(1-Percentile)

       0.515     0.000000            1         1.00
    1206.271     0.100000         1094         1.11
    1682.431     0.200000         2183         1.25
    2025.471     0.300000         3274         1.43
    2338.815     0.400000         4365         1.67
    2611.199     0.500000         5455         2.00
    2750.463     0.550000         6006         2.22
    2897.919     0.600000         6551         2.50
    3063.807     0.650000         7092         2.86
    3237.887     0.700000         7644         3.33
    3416.063     0.750000         8186         4.00
    3508.223     0.775000         8453         4.44
    3614.719     0.800000         8730         5.00
    3741.695     0.825000         8997         5.71
    3897.343     0.850000         9274         6.67
    4079.615     0.875000         9543         8.00
    4192.255     0.887500         9681         8.89
    4308.991     0.900000         9823        10.00
    4456.447     0.912500         9952        11.43
    4587.519     0.925000        10088        13.33
    4775.935     0.937500        10226        16.00
    4898.815     0.943750        10295        17.78
    5021.695     0.950000        10360        20.00
    5152.767     0.956250        10428        22.86
    5394.431     0.962500        10497        26.67
    5685.247     0.968750        10565        32.00
    5816.319     0.971875        10601        35.56
    5976.063     0.975000        10633        40.00
    6127.615     0.978125        10667        45.71
    6328.319     0.981250        10701        53.33
    6598.655     0.984375        10735        64.00
    6733.823     0.985938        10752        71.11
    6901.759     0.987500        10769        80.00
    7077.887     0.989062        10786        91.43
    7258.111     0.990625        10803       106.67
    7446.527     0.992188        10820       128.00
    7729.151     0.992969        10829       142.22
    7888.895     0.993750        10837       160.00
    8069.119     0.994531        10846       182.86
    8503.295     0.995313        10854       213.33
    9232.383     0.996094        10863       256.00
    9314.303     0.996484        10867       284.44
    9494.527     0.996875        10871       320.00
    9814.015     0.997266        10876       365.71
   10199.039     0.997656        10880       426.67
   10584.063     0.998047        10884       512.00
   10764.287     0.998242        10886       568.89
   10895.359     0.998437        10888       640.00
   11550.719     0.998633        10891       731.43
   11763.711     0.998828        10893       853.33
   12378.111     0.999023        10895      1024.00
   12910.591     0.999121        10896      1137.78
   13311.999     0.999219        10897      1280.00
   13582.335     0.999316        10898      1462.86
   14114.815     0.999414        10899      1706.67
   14655.487     0.999512        10900      2048.00
   14876.671     0.999561        10901      2275.56
   14876.671     0.999609        10901      2560.00
   16318.463     0.999658        10902      2925.71
   16318.463     0.999707        10902      3413.33
   18038.783     0.999756        10903      4096.00
   18038.783     0.999780        10903      4551.11
   18038.783     0.999805        10903      5120.00
   19873.791     0.999829        10904      5851.43
   19873.791     0.999854        10904      6826.67
   19873.791     0.999878        10904      8192.00
   19873.791     0.999890        10904      9102.22
   19873.791     0.999902        10904     10240.00
   28901.375     0.999915        10905     11702.86
   28901.375     1.000000        10905          inf
#[Mean    =     2722.101, StdDeviation   =     1450.213]
#[Max     =    28884.992, Total count    =        10905]
#[Buckets =           27, SubBuckets     =         2048]
----------------------------------------------------------
  12565 requests in 1.50m, 6.59GB read
  Socket errors: connect 0, read 1728, write 0, timeout 31834
  Non-2xx or 3xx responses: 546
Requests/sec:    139.54
Transfer/sec:     74.93MB
