Running 2m test @ http://128.199.233.75/app-distribute/behavirol-1.php
  2 threads and 1000 connections
  Thread calibration: mean lat.: 4246.185ms, rate sampling interval: 16769ms
  Thread calibration: mean lat.: 5812.470ms, rate sampling interval: 17793ms
  Thread Stats   Avg      Stdev     Max   +/- Stdev
    Latency    40.89s    18.53s    1.26m    56.66%
    Req/Sec    72.25      2.77    76.00     87.50%
  Latency Distribution (HdrHistogram - Recorded Latency)
 50.000%   40.47s 
 75.000%    0.95m 
 90.000%    1.11m 
 99.000%    1.21m 
 99.900%    1.24m 
 99.990%    1.26m 
 99.999%    1.26m 
100.000%    1.26m 

  Detailed Percentile spectrum:
       Value   Percentile   TotalCount 1/(1-Percentile)

    8056.831     0.000000            1         1.00
   15048.703     0.100000         1136         1.11
   21659.647     0.200000         2274         1.25
   28098.559     0.300000         3405         1.43
   34177.023     0.400000         4541         1.67
   40468.479     0.500000         5674         2.00
   43810.815     0.550000         6241         2.22
   47316.991     0.600000         6809         2.50
   50397.183     0.650000         7381         2.86
   53968.895     0.700000         7944         3.33
   57081.855     0.750000         8511         4.00
   59179.007     0.775000         8795         4.44
   60817.407     0.800000         9081         5.00
   62259.199     0.825000         9364         5.71
   63602.687     0.850000         9649         6.67
   64913.407     0.875000         9931         8.00
   65699.839     0.887500        10075         8.89
   66486.271     0.900000        10220        10.00
   67239.935     0.912500        10357        11.43
   68157.439     0.925000        10507        13.33
   69009.407     0.937500        10647        16.00
   69337.087     0.943750        10708        17.78
   69664.767     0.950000        10790        20.00
   69992.447     0.956250        10856        22.86
   70385.663     0.962500        10924        26.67
   70778.879     0.968750        11000        32.00
   70975.487     0.971875        11034        35.56
   71172.095     0.975000        11063        40.00
   71434.239     0.978125        11105        45.71
   71696.383     0.981250        11147        53.33
   71827.455     0.984375        11171        64.00
   71958.527     0.985938        11193        71.11
   72155.135     0.987500        11211        80.00
   72286.207     0.989062        11224        91.43
   72417.279     0.990625        11240       106.67
   72613.887     0.992188        11258       128.00
   72744.959     0.992969        11276       142.22
   72744.959     0.993750        11276       160.00
   72941.567     0.994531        11291       182.86
   73007.103     0.995313        11299       213.33
   73203.711     0.996094        11305       256.00
   73269.247     0.996484        11308       284.44
   73400.319     0.996875        11313       320.00
   73531.391     0.997266        11316       365.71
   73596.927     0.997656        11320       426.67
   73793.535     0.998047        11325       512.00
   73859.071     0.998242        11328       568.89
   73924.607     0.998437        11329       640.00
   73990.143     0.998633        11331       731.43
   74121.215     0.998828        11333       853.33
   74186.751     0.999023        11335      1024.00
   74317.823     0.999121        11337      1137.78
   74448.895     0.999219        11338      1280.00
   74579.967     0.999316        11339      1462.86
   74645.503     0.999414        11341      1706.67
   74645.503     0.999512        11341      2048.00
   74842.111     0.999561        11342      2275.56
   74842.111     0.999609        11342      2560.00
   75300.863     0.999658        11343      2925.71
   75300.863     0.999707        11343      3413.33
   75563.007     0.999756        11345      4096.00
   75563.007     0.999780        11345      4551.11
   75563.007     0.999805        11345      5120.00
   75563.007     0.999829        11345      5851.43
   75563.007     0.999854        11345      6826.67
   75563.007     0.999878        11345      8192.00
   75563.007     0.999890        11345      9102.22
   75563.007     0.999902        11345     10240.00
   75825.151     0.999915        11346     11702.86
   75825.151     1.000000        11346          inf
#[Mean    =    40887.177, StdDeviation   =    18534.777]
#[Max     =    75759.616, Total count    =        11346]
#[Buckets =           27, SubBuckets     =         2048]
----------------------------------------------------------

  Latency Distribution (HdrHistogram - Uncorrected Latency (measured without taking delayed starts into account))
 50.000%    2.50s 
 75.000%    3.26s 
 90.000%    4.02s 
 99.000%    6.14s 
 99.900%   11.62s 
 99.990%   21.51s 
 99.999%   26.00s 
100.000%   26.00s 

  Detailed Percentile spectrum:
       Value   Percentile   TotalCount 1/(1-Percentile)

       2.679     0.000000            1         1.00
    1284.095     0.100000         1135         1.11
    1653.759     0.200000         2270         1.25
    1954.815     0.300000         3410         1.43
    2234.367     0.400000         4539         1.67
    2504.703     0.500000         5676         2.00
    2639.871     0.550000         6247         2.22
    2779.135     0.600000         6811         2.50
    2930.687     0.650000         7386         2.86
    3088.383     0.700000         7948         3.33
    3256.319     0.750000         8512         4.00
    3346.431     0.775000         8794         4.44
    3450.879     0.800000         9077         5.00
    3565.567     0.825000         9361         5.71
    3698.687     0.850000         9645         6.67
    3846.143     0.875000         9932         8.00
    3926.015     0.887500        10070         8.89
    4022.271     0.900000        10212        10.00
    4126.719     0.912500        10356        11.43
    4247.551     0.925000        10498        13.33
    4386.815     0.937500        10637        16.00
    4493.311     0.943750        10708        17.78
    4575.231     0.950000        10780        20.00
    4694.015     0.956250        10850        22.86
    4837.375     0.962500        10923        26.67
    5025.791     0.968750        10992        32.00
    5107.711     0.971875        11027        35.56
    5218.303     0.975000        11063        40.00
    5304.319     0.978125        11098        45.71
    5427.199     0.981250        11134        53.33
    5599.231     0.984375        11169        64.00
    5705.727     0.985938        11187        71.11
    5853.183     0.987500        11206        80.00
    5988.351     0.989062        11222        91.43
    6246.399     0.990625        11240       106.67
    6504.447     0.992188        11258       128.00
    6746.111     0.992969        11268       142.22
    6893.567     0.993750        11276       160.00
    7135.231     0.994531        11285       182.86
    7389.183     0.995313        11293       213.33
    7802.879     0.996094        11302       256.00
    8191.999     0.996484        11307       284.44
    8343.551     0.996875        11311       320.00
    8478.719     0.997266        11315       365.71
    8675.327     0.997656        11320       426.67
    9035.775     0.998047        11324       512.00
    9256.959     0.998242        11327       568.89
    9863.167     0.998437        11329       640.00
    9945.087     0.998633        11331       731.43
   10035.199     0.998828        11333       853.33
   11616.255     0.999023        11335      1024.00
   13008.895     0.999121        11337      1137.78
   13262.847     0.999219        11338      1280.00
   14614.527     0.999316        11339      1462.86
   14950.399     0.999414        11340      1706.67
   15359.999     0.999512        11341      2048.00
   16015.359     0.999561        11342      2275.56
   16015.359     0.999609        11342      2560.00
   17367.039     0.999658        11343      2925.71
   17367.039     0.999707        11343      3413.33
   17547.263     0.999756        11344      4096.00
   17547.263     0.999780        11344      4551.11
   17547.263     0.999805        11344      5120.00
   21512.191     0.999829        11345      5851.43
   21512.191     0.999854        11345      6826.67
   21512.191     0.999878        11345      8192.00
   21512.191     0.999890        11345      9102.22
   21512.191     0.999902        11345     10240.00
   26001.407     0.999915        11346     11702.86
   26001.407     1.000000        11346          inf
#[Mean    =     2623.279, StdDeviation   =     1233.008]
#[Max     =    25985.024, Total count    =        11346]
#[Buckets =           27, SubBuckets     =         2048]
----------------------------------------------------------
  13028 requests in 1.50m, 7.07GB read
  Socket errors: connect 0, read 2783, write 0, timeout 31171
  Non-2xx or 3xx responses: 109
Requests/sec:    144.76
Transfer/sec:     80.40MB
