Running 2m test @ http://128.199.233.75/app-distribute/behavirol-2.php
  2 threads and 1000 connections
  Thread calibration: mean lat.: 4579.374ms, rate sampling interval: 16941ms
  Thread calibration: mean lat.: 4465.410ms, rate sampling interval: 16973ms
  Thread Stats   Avg      Stdev     Max   +/- Stdev
    Latency    40.48s    17.56s    1.27m    59.00%
    Req/Sec    75.88      4.57    84.00     75.00%
  Latency Distribution (HdrHistogram - Recorded Latency)
 50.000%   40.67s 
 75.000%    0.92m 
 90.000%    1.08m 
 99.000%    1.19m 
 99.900%    1.23m 
 99.990%    1.26m 
 99.999%    1.28m 
100.000%    1.28m 

  Detailed Percentile spectrum:
       Value   Percentile   TotalCount 1/(1-Percentile)

    7262.207     0.000000            1         1.00
   16310.271     0.100000         1175         1.11
   22478.847     0.200000         2350         1.25
   28475.391     0.300000         3524         1.43
   34635.775     0.400000         4700         1.67
   40665.087     0.500000         5874         2.00
   43483.135     0.550000         6467         2.22
   46465.023     0.600000         7053         2.50
   49512.447     0.650000         7635         2.86
   52527.103     0.700000         8224         3.33
   55148.543     0.750000         8811         4.00
   56623.103     0.775000         9108         4.44
   58228.735     0.800000         9406         5.00
   59637.759     0.825000         9696         5.71
   61243.391     0.850000         9985         6.67
   63111.167     0.875000        10282         8.00
   63995.903     0.887500        10429         8.89
   64782.335     0.900000        10574        10.00
   65798.143     0.912500        10719        11.43
   66617.343     0.925000        10868        13.33
   67436.543     0.937500        11023        16.00
   67829.759     0.943750        11093        17.78
   68157.439     0.950000        11161        20.00
   68616.191     0.956250        11237        22.86
   69074.943     0.962500        11315        26.67
   69533.695     0.968750        11385        32.00
   69730.303     0.971875        11423        35.56
   69992.447     0.975000        11457        40.00
   70320.127     0.978125        11500        45.71
   70516.735     0.981250        11526        53.33
   70844.415     0.984375        11566        64.00
   70975.487     0.985938        11580        71.11
   71172.095     0.987500        11604        80.00
   71368.703     0.989062        11622        91.43
   71499.775     0.990625        11640       106.67
   71827.455     0.992188        11655       128.00
   71958.527     0.992969        11667       142.22
   72089.599     0.993750        11674       160.00
   72286.207     0.994531        11684       182.86
   72482.815     0.995313        11691       213.33
   72679.423     0.996094        11702       256.00
   72744.959     0.996484        11708       284.44
   72810.495     0.996875        11713       320.00
   72810.495     0.997266        11713       365.71
   73007.103     0.997656        11720       426.67
   73269.247     0.998047        11724       512.00
   73400.319     0.998242        11725       568.89
   73531.391     0.998437        11727       640.00
   73662.463     0.998633        11729       731.43
   73990.143     0.998828        11733       853.33
   74121.215     0.999023        11734      1024.00
   74252.287     0.999121        11735      1137.78
   74317.823     0.999219        11736      1280.00
   74645.503     0.999316        11737      1462.86
   74973.183     0.999414        11739      1706.67
   75169.791     0.999512        11740      2048.00
   75169.791     0.999561        11740      2275.56
   75563.007     0.999609        11742      2560.00
   75563.007     0.999658        11742      2925.71
   75563.007     0.999707        11742      3413.33
   75628.543     0.999756        11743      4096.00
   75628.543     0.999780        11743      4551.11
   75628.543     0.999805        11743      5120.00
   75628.543     0.999829        11743      5851.43
   75890.687     0.999854        11744      6826.67
   75890.687     0.999878        11744      8192.00
   75890.687     0.999890        11744      9102.22
   75890.687     0.999902        11744     10240.00
   75890.687     0.999915        11744     11702.86
   76546.047     0.999927        11745     13653.33
   76546.047     1.000000        11745          inf
#[Mean    =    40480.150, StdDeviation   =    17557.072]
#[Max     =    76480.512, Total count    =        11745]
#[Buckets =           27, SubBuckets     =         2048]
----------------------------------------------------------

  Latency Distribution (HdrHistogram - Uncorrected Latency (measured without taking delayed starts into account))
 50.000%    2.31s 
 75.000%    3.15s 
 90.000%    4.06s 
 99.000%    6.88s 
 99.900%   12.01s 
 99.990%   24.76s 
 99.999%   27.05s 
100.000%   27.05s 

  Detailed Percentile spectrum:
       Value   Percentile   TotalCount 1/(1-Percentile)

     183.935     0.000000            1         1.00
    1118.207     0.100000         1179         1.11
    1465.343     0.200000         2353         1.25
    1766.399     0.300000         3532         1.43
    2044.927     0.400000         4698         1.67
    2310.143     0.500000         5873         2.00
    2451.455     0.550000         6460         2.22
    2596.863     0.600000         7048         2.50
    2756.607     0.650000         7638         2.86
    2940.927     0.700000         8225         3.33
    3145.727     0.750000         8812         4.00
    3258.367     0.775000         9106         4.44
    3381.247     0.800000         9400         5.00
    3508.223     0.825000         9691         5.71
    3663.871     0.850000         9986         6.67
    3844.095     0.875000        10277         8.00
    3944.447     0.887500        10426         8.89
    4057.087     0.900000        10572        10.00
    4184.063     0.912500        10718        11.43
    4337.663     0.925000        10869        13.33
    4505.599     0.937500        11012        16.00
    4636.671     0.943750        11086        17.78
    4771.839     0.950000        11160        20.00
    4915.199     0.956250        11232        22.86
    5087.231     0.962500        11305        26.67
    5287.935     0.968750        11378        32.00
    5419.007     0.971875        11415        35.56
    5586.943     0.975000        11452        40.00
    5709.823     0.978125        11491        45.71
    5890.047     0.981250        11525        53.33
    6123.519     0.984375        11562        64.00
    6230.015     0.985938        11580        71.11
    6504.447     0.987500        11599        80.00
    6758.399     0.989062        11618        91.43
    6975.487     0.990625        11635       106.67
    7327.743     0.992188        11654       128.00
    7462.911     0.992969        11663       142.22
    7561.215     0.993750        11672       160.00
    7839.743     0.994531        11681       182.86
    8044.543     0.995313        11690       213.33
    8486.911     0.996094        11700       256.00
    8675.327     0.996484        11704       284.44
    9093.119     0.996875        11709       320.00
    9306.111     0.997266        11713       365.71
    9953.279     0.997656        11718       426.67
   10305.535     0.998047        11723       512.00
   10657.791     0.998242        11725       568.89
   11051.007     0.998437        11727       640.00
   11100.159     0.998633        11729       731.43
   11722.751     0.998828        11732       853.33
   12353.535     0.999023        11734      1024.00
   12550.143     0.999121        11735      1137.78
   12615.679     0.999219        11736      1280.00
   13131.775     0.999316        11737      1462.86
   14745.599     0.999414        11739      1706.67
   17104.895     0.999512        11740      2048.00
   17104.895     0.999561        11740      2275.56
   18481.151     0.999609        11741      2560.00
   18481.151     0.999658        11741      2925.71
   19136.511     0.999707        11742      3413.33
   22593.535     0.999756        11743      4096.00
   22593.535     0.999780        11743      4551.11
   22593.535     0.999805        11743      5120.00
   22593.535     0.999829        11743      5851.43
   24756.223     0.999854        11744      6826.67
   24756.223     0.999878        11744      8192.00
   24756.223     0.999890        11744      9102.22
   24756.223     0.999902        11744     10240.00
   24756.223     0.999915        11744     11702.86
   27049.983     0.999927        11745     13653.33
   27049.983     1.000000        11745          inf
#[Mean    =     2516.049, StdDeviation   =     1361.275]
#[Max     =    27033.600, Total count    =        11745]
#[Buckets =           27, SubBuckets     =         2048]
----------------------------------------------------------
  13672 requests in 1.50m, 7.38GB read
  Socket errors: connect 0, read 522, write 0, timeout 31432
  Non-2xx or 3xx responses: 61
Requests/sec:    151.89
Transfer/sec:     83.94MB
