Running 2m test @ http://128.199.233.75/app-distribute/behavirol-1.php
  2 threads and 1000 connections
  Thread calibration: mean lat.: 4817.323ms, rate sampling interval: 18038ms
  Thread calibration: mean lat.: 5199.558ms, rate sampling interval: 18448ms
  Thread Stats   Avg      Stdev     Max   +/- Stdev
    Latency    44.15s    18.18s    1.31m    63.55%
    Req/Sec    61.50     20.21    93.00     62.50%
  Latency Distribution (HdrHistogram - Recorded Latency)
 50.000%   44.56s 
 75.000%    0.98m 
 90.000%    1.15m 
 99.000%    1.25m 
 99.900%    1.28m 
 99.990%    1.31m 
 99.999%    1.31m 
100.000%    1.31m 

  Detailed Percentile spectrum:
       Value   Percentile   TotalCount 1/(1-Percentile)

    8749.055     0.000000            1         1.00
   14860.287     0.100000          967         1.11
   27901.951     0.200000         1936         1.25
   33587.199     0.300000         2903         1.43
   39092.223     0.400000         3868         1.67
   44564.479     0.500000         4832         2.00
   47153.151     0.550000         5318         2.22
   49774.591     0.600000         5803         2.50
   53247.999     0.650000         6287         2.86
   56033.279     0.700000         6765         3.33
   58949.631     0.750000         7251         4.00
   60784.639     0.775000         7491         4.44
   62685.183     0.800000         7736         5.00
   64290.815     0.825000         7978         5.71
   65961.983     0.850000         8216         6.67
   67633.151     0.875000         8462         8.00
   68419.583     0.887500         8583         8.89
   69140.479     0.900000         8709        10.00
   69861.375     0.912500         8827        11.43
   70516.735     0.925000         8954        13.33
   71237.631     0.937500         9069        16.00
   71499.775     0.943750         9121        17.78
   71958.527     0.950000         9181        20.00
   72351.743     0.956250         9244        22.86
   72744.959     0.962500         9312        26.67
   73138.175     0.968750         9373        32.00
   73334.783     0.971875         9396        35.56
   73531.391     0.975000         9430        40.00
   73793.535     0.978125         9456        45.71
   74055.679     0.981250         9485        53.33
   74317.823     0.984375         9522        64.00
   74383.359     0.985938         9531        71.11
   74514.431     0.987500         9548        80.00
   74711.039     0.989062         9563        91.43
   74842.111     0.990625         9576       106.67
   75104.255     0.992188         9590       128.00
   75300.863     0.992969         9600       142.22
   75431.935     0.993750         9606       160.00
   75497.471     0.994531         9613       182.86
   75628.543     0.995313         9621       213.33
   75956.223     0.996094         9629       256.00
   76021.759     0.996484         9635       284.44
   76021.759     0.996875         9635       320.00
   76087.295     0.997266         9639       365.71
   76218.367     0.997656         9643       426.67
   76349.439     0.998047         9646       512.00
   76414.975     0.998242         9649       568.89
   76414.975     0.998437         9649       640.00
   76480.511     0.998633         9651       731.43
   76677.119     0.998828         9653       853.33
   76808.191     0.999023         9655      1024.00
   76939.263     0.999121         9657      1137.78
   76939.263     0.999219         9657      1280.00
   77135.871     0.999316         9658      1462.86
   77201.407     0.999414         9659      1706.67
   77266.943     0.999512         9660      2048.00
   77266.943     0.999561         9660      2275.56
   77529.087     0.999609         9661      2560.00
   77529.087     0.999658         9661      2925.71
   78053.375     0.999707         9662      3413.33
   78053.375     0.999756         9662      4096.00
   78053.375     0.999780         9662      4551.11
   78315.519     0.999805         9663      5120.00
   78315.519     0.999829         9663      5851.43
   78315.519     0.999854         9663      6826.67
   78315.519     0.999878         9663      8192.00
   78315.519     0.999890         9663      9102.22
   78708.735     0.999902         9664     10240.00
   78708.735     1.000000         9664          inf
#[Mean    =    44151.338, StdDeviation   =    18182.288]
#[Max     =    78643.200, Total count    =         9664]
#[Buckets =           27, SubBuckets     =         2048]
----------------------------------------------------------

  Latency Distribution (HdrHistogram - Uncorrected Latency (measured without taking delayed starts into account))
 50.000%    2.66s 
 75.000%    3.57s 
 90.000%    4.63s 
 99.000%   11.71s 
 99.900%   15.82s 
 99.990%   22.53s 
 99.999%   33.01s 
100.000%   33.01s 

  Detailed Percentile spectrum:
       Value   Percentile   TotalCount 1/(1-Percentile)

       8.607     0.000000            1         1.00
    1361.919     0.100000          967         1.11
    1751.039     0.200000         1937         1.25
    2065.407     0.300000         2902         1.43
    2367.487     0.400000         3869         1.67
    2660.351     0.500000         4833         2.00
    2820.095     0.550000         5320         2.22
    2981.887     0.600000         5803         2.50
    3143.679     0.650000         6282         2.86
    3346.431     0.700000         6767         3.33
    3565.567     0.750000         7253         4.00
    3684.351     0.775000         7491         4.44
    3825.663     0.800000         7733         5.00
    3964.927     0.825000         7975         5.71
    4128.767     0.850000         8215         6.67
    4349.951     0.875000         8458         8.00
    4476.927     0.887500         8577         8.89
    4632.575     0.900000         8699        10.00
    4845.567     0.912500         8820        11.43
    5091.327     0.925000         8942        13.33
    5509.119     0.937500         9060        16.00
    5984.255     0.943750         9121        17.78
    6635.519     0.950000         9181        20.00
    8065.023     0.956250         9242        22.86
    9093.119     0.962500         9302        26.67
    9437.183     0.968750         9363        32.00
    9633.791     0.971875         9396        35.56
    9814.015     0.975000         9423        40.00
   10166.271     0.978125         9453        45.71
   10387.455     0.981250         9484        53.33
   10780.671     0.984375         9513        64.00
   11034.623     0.985938         9529        71.11
   11444.223     0.987500         9544        80.00
   11632.639     0.989062         9559        91.43
   11853.823     0.990625         9574       106.67
   12025.855     0.992188         9589       128.00
   12165.119     0.992969         9597       142.22
   12345.343     0.993750         9604       160.00
   12533.759     0.994531         9613       182.86
   12681.215     0.995313         9619       213.33
   12877.823     0.996094         9627       256.00
   13066.239     0.996484         9631       284.44
   13475.839     0.996875         9634       320.00
   13664.255     0.997266         9638       365.71
   13991.935     0.997656         9642       426.67
   14311.423     0.998047         9646       512.00
   14745.599     0.998242         9648       568.89
   15097.855     0.998437         9649       640.00
   15204.351     0.998633         9651       731.43
   15540.223     0.998828         9653       853.33
   16793.599     0.999023         9655      1024.00
   18120.703     0.999121         9656      1137.78
   18251.775     0.999219         9657      1280.00
   19267.583     0.999316         9658      1462.86
   19316.735     0.999414         9659      1706.67
   19808.255     0.999512         9660      2048.00
   19808.255     0.999561         9660      2275.56
   19873.791     0.999609         9661      2560.00
   19873.791     0.999658         9661      2925.71
   20660.223     0.999707         9662      3413.33
   20660.223     0.999756         9662      4096.00
   20660.223     0.999780         9662      4551.11
   22527.999     0.999805         9663      5120.00
   22527.999     0.999829         9663      5851.43
   22527.999     0.999854         9663      6826.67
   22527.999     0.999878         9663      8192.00
   22527.999     0.999890         9663      9102.22
   33013.759     0.999902         9664     10240.00
   33013.759     1.000000         9664          inf
#[Mean    =     3071.691, StdDeviation   =     2047.498]
#[Max     =    32997.376, Total count    =         9664]
#[Buckets =           27, SubBuckets     =         2048]
----------------------------------------------------------
  11254 requests in 1.50m, 6.14GB read
  Socket errors: connect 0, read 3084, write 0, timeout 32522
  Non-2xx or 3xx responses: 55
Requests/sec:    125.03
Transfer/sec:     69.83MB
