Running 2m test @ http://128.199.233.75/app-distribute/behavirol-2.php
  2 threads and 1000 connections
  Thread calibration: mean lat.: 3811.151ms, rate sampling interval: 16359ms
  Thread calibration: mean lat.: 5350.141ms, rate sampling interval: 17399ms
  Thread Stats   Avg      Stdev     Max   +/- Stdev
    Latency    41.36s    18.16s    1.33m    58.48%
    Req/Sec    72.25     21.62    97.00     62.50%
  Latency Distribution (HdrHistogram - Recorded Latency)
 50.000%   41.75s 
 75.000%    0.95m 
 90.000%    1.10m 
 99.000%    1.21m 
 99.900%    1.25m 
 99.990%    1.30m 
 99.999%    1.33m 
100.000%    1.33m 

  Detailed Percentile spectrum:
       Value   Percentile   TotalCount 1/(1-Percentile)

    7782.399     0.000000            1         1.00
   16375.807     0.100000         1133         1.11
   22740.991     0.200000         2267         1.25
   28606.463     0.300000         3396         1.43
   34799.615     0.400000         4533         1.67
   41746.431     0.500000         5660         2.00
   45121.535     0.550000         6226         2.22
   48201.727     0.600000         6787         2.50
   51085.311     0.650000         7356         2.86
   54067.199     0.700000         7920         3.33
   57180.159     0.750000         8488         4.00
   58589.183     0.775000         8771         4.44
   60030.975     0.800000         9056         5.00
   61472.767     0.825000         9335         5.71
   63012.863     0.850000         9617         6.67
   64651.263     0.875000         9903         8.00
   65503.231     0.887500        10044         8.89
   66224.127     0.900000        10183        10.00
   67108.863     0.912500        10324        11.43
   67960.831     0.925000        10479        13.33
   68747.263     0.937500        10614        16.00
   69140.479     0.943750        10689        17.78
   69468.159     0.950000        10751        20.00
   69795.839     0.956250        10820        22.86
   70123.519     0.962500        10889        26.67
   70516.735     0.968750        10963        32.00
   70778.879     0.971875        11004        35.56
   71041.023     0.975000        11039        40.00
   71237.631     0.978125        11069        45.71
   71499.775     0.981250        11105        53.33
   71958.527     0.984375        11144        64.00
   72024.063     0.985938        11159        71.11
   72155.135     0.987500        11180        80.00
   72286.207     0.989062        11194        91.43
   72417.279     0.990625        11205       106.67
   72679.423     0.992188        11224       128.00
   72810.495     0.992969        11237       142.22
   72876.031     0.993750        11241       160.00
   73007.103     0.994531        11250       182.86
   73269.247     0.995313        11261       213.33
   73596.927     0.996094        11269       256.00
   73727.999     0.996484        11272       284.44
   73859.071     0.996875        11277       320.00
   73924.607     0.997266        11282       365.71
   74121.215     0.997656        11285       426.67
   74252.287     0.998047        11289       512.00
   74317.823     0.998242        11293       568.89
   74383.359     0.998437        11295       640.00
   74448.895     0.998633        11296       731.43
   74579.967     0.998828        11298       853.33
   74907.647     0.999023        11300      1024.00
   74973.183     0.999121        11303      1137.78
   74973.183     0.999219        11303      1280.00
   75104.255     0.999316        11304      1462.86
   75235.327     0.999414        11305      1706.67
   75497.471     0.999512        11306      2048.00
   75628.543     0.999561        11307      2275.56
   75628.543     0.999609        11307      2560.00
   75890.687     0.999658        11308      2925.71
   75890.687     0.999707        11308      3413.33
   76742.655     0.999756        11309      4096.00
   76742.655     0.999780        11309      4551.11
   76742.655     0.999805        11309      5120.00
   77922.303     0.999829        11310      5851.43
   77922.303     0.999854        11310      6826.67
   77922.303     0.999878        11310      8192.00
   77922.303     0.999890        11310      9102.22
   77922.303     0.999902        11310     10240.00
   80019.455     0.999915        11311     11702.86
   80019.455     1.000000        11311          inf
#[Mean    =    41356.006, StdDeviation   =    18162.838]
#[Max     =    79953.920, Total count    =        11311]
#[Buckets =           27, SubBuckets     =         2048]
----------------------------------------------------------

  Latency Distribution (HdrHistogram - Uncorrected Latency (measured without taking delayed starts into account))
 50.000%    2.41s 
 75.000%    3.20s 
 90.000%    4.09s 
 99.000%    7.05s 
 99.900%   13.29s 
 99.990%   24.84s 
 99.999%   44.04s 
100.000%   44.04s 

  Detailed Percentile spectrum:
       Value   Percentile   TotalCount 1/(1-Percentile)

     226.431     0.000000            1         1.00
    1181.695     0.100000         1132         1.11
    1589.247     0.200000         2266         1.25
    1897.471     0.300000         3394         1.43
    2164.735     0.400000         4533         1.67
    2414.591     0.500000         5663         2.00
    2541.567     0.550000         6231         2.22
    2689.023     0.600000         6787         2.50
    2836.479     0.650000         7353         2.86
    3006.463     0.700000         7919         3.33
    3201.023     0.750000         8484         4.00
    3317.759     0.775000         8770         4.44
    3438.591     0.800000         9054         5.00
    3557.375     0.825000         9336         5.71
    3686.399     0.850000         9616         6.67
    3866.623     0.875000         9898         8.00
    3964.927     0.887500        10039         8.89
    4089.855     0.900000        10183        10.00
    4222.975     0.912500        10323        11.43
    4366.335     0.925000        10465        13.33
    4583.423     0.937500        10606        16.00
    4689.919     0.943750        10676        17.78
    4808.703     0.950000        10748        20.00
    4939.775     0.956250        10819        22.86
    5091.327     0.962500        10889        26.67
    5296.127     0.968750        10959        32.00
    5369.855     0.971875        10994        35.56
    5521.407     0.975000        11029        40.00
    5722.111     0.978125        11064        45.71
    5918.719     0.981250        11099        53.33
    6238.207     0.984375        11135        64.00
    6369.279     0.985938        11152        71.11
    6664.191     0.987500        11170        80.00
    6877.183     0.989062        11188        91.43
    7147.519     0.990625        11205       106.67
    7573.503     0.992188        11223       128.00
    7888.895     0.992969        11232       142.22
    8380.415     0.993750        11241       160.00
    8724.479     0.994531        11250       182.86
    8994.815     0.995313        11258       213.33
    9617.407     0.996094        11267       256.00
   10158.079     0.996484        11272       284.44
   10436.607     0.996875        11276       320.00
   10797.055     0.997266        11281       365.71
   11386.879     0.997656        11285       426.67
   11730.943     0.998047        11289       512.00
   11804.671     0.998242        11292       568.89
   12279.807     0.998437        11294       640.00
   12492.799     0.998633        11296       731.43
   12886.015     0.998828        11298       853.33
   13287.423     0.999023        11300      1024.00
   14835.711     0.999121        11302      1137.78
   15147.007     0.999219        11303      1280.00
   15613.951     0.999316        11304      1462.86
   16842.751     0.999414        11305      1706.67
   17874.943     0.999512        11306      2048.00
   17956.863     0.999561        11307      2275.56
   17956.863     0.999609        11307      2560.00
   19054.591     0.999658        11308      2925.71
   19054.591     0.999707        11308      3413.33
   23052.287     0.999756        11309      4096.00
   23052.287     0.999780        11309      4551.11
   23052.287     0.999805        11309      5120.00
   24838.143     0.999829        11310      5851.43
   24838.143     0.999854        11310      6826.67
   24838.143     0.999878        11310      8192.00
   24838.143     0.999890        11310      9102.22
   24838.143     0.999902        11310     10240.00
   44040.191     0.999915        11311     11702.86
   44040.191     1.000000        11311          inf
#[Mean    =     2603.019, StdDeviation   =     1426.835]
#[Max     =    44007.424, Total count    =        11311]
#[Buckets =           27, SubBuckets     =         2048]
----------------------------------------------------------
  13079 requests in 1.50m, 7.06GB read
  Socket errors: connect 0, read 3195, write 0, timeout 31240
  Non-2xx or 3xx responses: 45
Requests/sec:    145.26
Transfer/sec:     80.31MB
