Running 2m test @ http://128.199.233.75/app-distribute/behavirol-2.php
  2 threads and 1000 connections
  Thread calibration: mean lat.: 5236.772ms, rate sampling interval: 17530ms
  Thread calibration: mean lat.: 5291.987ms, rate sampling interval: 18022ms
  Thread Stats   Avg      Stdev     Max   +/- Stdev
    Latency    41.79s    18.13s    1.30m    57.79%
    Req/Sec    73.62      8.73    89.00     62.50%
  Latency Distribution (HdrHistogram - Recorded Latency)
 50.000%   43.16s 
 75.000%    0.96m 
 90.000%    1.10m 
 99.000%    1.20m 
 99.900%    1.24m 
 99.990%    1.28m 
 99.999%    1.30m 
100.000%    1.30m 

  Detailed Percentile spectrum:
       Value   Percentile   TotalCount 1/(1-Percentile)

    8327.167     0.000000            1         1.00
   15990.783     0.100000         1150         1.11
   22380.543     0.200000         2297         1.25
   29179.903     0.300000         3445         1.43
   36143.103     0.400000         4595         1.67
   43155.455     0.500000         5744         2.00
   45973.503     0.550000         6317         2.22
   48988.159     0.600000         6895         2.50
   51937.279     0.650000         7469         2.86
   54886.399     0.700000         8045         3.33
   57737.215     0.750000         8619         4.00
   59015.167     0.775000         8906         4.44
   60227.583     0.800000         9186         5.00
   61571.071     0.825000         9481         5.71
   63012.863     0.850000         9761         6.67
   64389.119     0.875000        10048         8.00
   65142.783     0.887500        10197         8.89
   65798.143     0.900000        10335        10.00
   66584.575     0.912500        10478        11.43
   67371.007     0.925000        10625        13.33
   68091.903     0.937500        10765        16.00
   68616.191     0.943750        10845        17.78
   69009.407     0.950000        10912        20.00
   69402.623     0.956250        10986        22.86
   69795.839     0.962500        11053        26.67
   70320.127     0.968750        11131        32.00
   70582.271     0.971875        11165        35.56
   70778.879     0.975000        11196        40.00
   71041.023     0.978125        11237        45.71
   71303.167     0.981250        11271        53.33
   71565.311     0.984375        11308        64.00
   71696.383     0.985938        11325        71.11
   71827.455     0.987500        11344        80.00
   72024.063     0.989062        11365        91.43
   72155.135     0.990625        11376       106.67
   72351.743     0.992188        11393       128.00
   72482.815     0.992969        11403       142.22
   72613.887     0.993750        11413       160.00
   72744.959     0.994531        11422       182.86
   72941.567     0.995313        11430       213.33
   73138.175     0.996094        11440       256.00
   73203.711     0.996484        11444       284.44
   73465.855     0.996875        11450       320.00
   73531.391     0.997266        11451       365.71
   73727.999     0.997656        11457       426.67
   73859.071     0.998047        11461       512.00
   73924.607     0.998242        11463       568.89
   73990.143     0.998437        11465       640.00
   74121.215     0.998633        11467       731.43
   74252.287     0.998828        11469       853.33
   74383.359     0.999023        11471      1024.00
   74448.895     0.999121        11472      1137.78
   74514.431     0.999219        11474      1280.00
   74645.503     0.999316        11475      1462.86
   74711.039     0.999414        11477      1706.67
   74711.039     0.999512        11477      2048.00
   74711.039     0.999561        11477      2275.56
   74776.575     0.999609        11478      2560.00
   75563.007     0.999658        11479      2925.71
   75563.007     0.999707        11479      3413.33
   75759.615     0.999756        11480      4096.00
   75759.615     0.999780        11480      4551.11
   75759.615     0.999805        11480      5120.00
   76873.727     0.999829        11481      5851.43
   76873.727     0.999854        11481      6826.67
   76873.727     0.999878        11481      8192.00
   76873.727     0.999890        11481      9102.22
   76873.727     0.999902        11481     10240.00
   77791.231     0.999915        11482     11702.86
   77791.231     1.000000        11482          inf
#[Mean    =    41793.348, StdDeviation   =    18134.978]
#[Max     =    77725.696, Total count    =        11482]
#[Buckets =           27, SubBuckets     =         2048]
----------------------------------------------------------

  Latency Distribution (HdrHistogram - Uncorrected Latency (measured without taking delayed starts into account))
 50.000%    2.39s 
 75.000%    3.19s 
 90.000%    4.07s 
 99.000%    6.58s 
 99.900%   11.92s 
 99.990%   20.97s 
 99.999%   35.06s 
100.000%   35.06s 

  Detailed Percentile spectrum:
       Value   Percentile   TotalCount 1/(1-Percentile)

     276.223     0.000000            1         1.00
    1163.263     0.100000         1151         1.11
    1572.863     0.200000         2298         1.25
    1859.583     0.300000         3450         1.43
    2121.727     0.400000         4594         1.67
    2394.111     0.500000         5752         2.00
    2529.279     0.550000         6318         2.22
    2672.639     0.600000         6894         2.50
    2822.143     0.650000         7464         2.86
    3006.463     0.700000         8039         3.33
    3194.879     0.750000         8615         4.00
    3297.279     0.775000         8899         4.44
    3416.063     0.800000         9190         5.00
    3540.991     0.825000         9473         5.71
    3688.447     0.850000         9763         6.67
    3856.383     0.875000        10047         8.00
    3954.687     0.887500        10193         8.89
    4069.375     0.900000        10335        10.00
    4192.255     0.912500        10480        11.43
    4329.471     0.925000        10621        13.33
    4501.503     0.937500        10765        16.00
    4587.519     0.943750        10839        17.78
    4718.591     0.950000        10909        20.00
    4861.951     0.956250        10984        22.86
    5001.215     0.962500        11052        26.67
    5181.439     0.968750        11124        32.00
    5271.551     0.971875        11160        35.56
    5398.527     0.975000        11195        40.00
    5545.983     0.978125        11231        45.71
    5730.303     0.981250        11267        53.33
    5918.719     0.984375        11303        64.00
    6094.847     0.985938        11323        71.11
    6275.071     0.987500        11339        80.00
    6418.431     0.989062        11357        91.43
    6754.303     0.990625        11376       106.67
    6995.967     0.992188        11393       128.00
    7135.231     0.992969        11402       142.22
    7221.247     0.993750        11411       160.00
    7385.087     0.994531        11420       182.86
    7700.479     0.995313        11429       213.33
    8478.719     0.996094        11438       256.00
    8740.863     0.996484        11442       284.44
    8945.663     0.996875        11447       320.00
    9240.575     0.997266        11451       365.71
    9814.015     0.997656        11456       426.67
    9928.703     0.998047        11460       512.00
   10674.175     0.998242        11462       568.89
   11444.223     0.998437        11465       640.00
   11640.831     0.998633        11467       731.43
   11771.903     0.998828        11469       853.33
   11919.359     0.999023        11471      1024.00
   12124.159     0.999121        11472      1137.78
   12681.215     0.999219        11474      1280.00
   13352.959     0.999316        11475      1462.86
   13926.399     0.999414        11476      1706.67
   16162.815     0.999512        11477      2048.00
   16162.815     0.999561        11477      2275.56
   16375.807     0.999609        11478      2560.00
   18399.231     0.999658        11479      2925.71
   18399.231     0.999707        11479      3413.33
   19447.807     0.999756        11480      4096.00
   19447.807     0.999780        11480      4551.11
   19447.807     0.999805        11480      5120.00
   20971.519     0.999829        11481      5851.43
   20971.519     0.999854        11481      6826.67
   20971.519     0.999878        11481      8192.00
   20971.519     0.999890        11481      9102.22
   20971.519     0.999902        11481     10240.00
   35061.759     0.999915        11482     11702.86
   35061.759     1.000000        11482          inf
#[Mean    =     2568.521, StdDeviation   =     1323.498]
#[Max     =    35028.992, Total count    =        11482]
#[Buckets =           27, SubBuckets     =         2048]
----------------------------------------------------------
  13260 requests in 1.50m, 7.16GB read
  Socket errors: connect 0, read 1915, write 0, timeout 31178
  Non-2xx or 3xx responses: 41
Requests/sec:    147.28
Transfer/sec:     81.45MB
