Running 2m test @ http://128.199.233.75/app-distribute/behavirol-1.php
  2 threads and 1000 connections
  Thread calibration: mean lat.: 1974.555ms, rate sampling interval: 8601ms
  Thread calibration: mean lat.: 2016.189ms, rate sampling interval: 8749ms
  Thread Stats   Avg      Stdev     Max   +/- Stdev
    Latency     8.87s     5.99s   41.62s    71.65%
    Req/Sec   333.59     55.50   478.00     70.59%
  Latency Distribution (HdrHistogram - Recorded Latency)
 50.000%    7.89s 
 75.000%   12.10s 
 90.000%   16.61s 
 99.000%   28.98s 
 99.900%   36.67s 
 99.990%   40.96s 
 99.999%   41.42s 
100.000%   41.65s 

  Detailed Percentile spectrum:
       Value   Percentile   TotalCount 1/(1-Percentile)

      20.703     0.000000            1         1.00
    2222.079     0.100000         5243         1.11
    3700.735     0.200000        10496         1.25
    5038.079     0.300000        15724         1.43
    6459.391     0.400000        20986         1.67
    7892.991     0.500000        26214         2.00
    8642.559     0.550000        28842         2.22
    9388.031     0.600000        31449         2.50
   10190.847     0.650000        34087         2.86
   11091.967     0.700000        36694         3.33
   12099.583     0.750000        39326         4.00
   12623.871     0.775000        40619         4.44
   13180.927     0.800000        41929         5.00
   13811.711     0.825000        43242         5.71
   14565.375     0.850000        44564         6.67
   15425.535     0.875000        45862         8.00
   15966.207     0.887500        46517         8.89
   16605.183     0.900000        47171        10.00
   17334.271     0.912500        47826        11.43
   18169.855     0.925000        48486        13.33
   19152.895     0.937500        49141        16.00
   19628.031     0.943750        49469        17.78
   20152.319     0.950000        49801        20.00
   20660.223     0.956250        50122        22.86
   21331.967     0.962500        50451        26.67
   22069.247     0.968750        50784        32.00
   22544.383     0.971875        50937        35.56
   23150.591     0.975000        51103        40.00
   23838.719     0.978125        51268        45.71
   24739.839     0.981250        51429        53.33
   26034.175     0.984375        51596        64.00
   26935.295     0.985938        51674        71.11
   27721.727     0.987500        51756        80.00
   28409.855     0.989062        51838        91.43
   29409.279     0.990625        51921       106.67
   30343.167     0.992188        52002       128.00
   30867.455     0.992969        52045       142.22
   31309.823     0.993750        52084       160.00
   31997.951     0.994531        52127       182.86
   32686.079     0.995313        52166       213.33
   33357.823     0.996094        52207       256.00
   33751.039     0.996484        52229       284.44
   34045.951     0.996875        52248       320.00
   34504.703     0.997266        52269       365.71
   34897.919     0.997656        52290       426.67
   35323.903     0.998047        52311       512.00
   35520.511     0.998242        52319       568.89
   35848.191     0.998437        52332       640.00
   36012.031     0.998633        52341       731.43
   36339.711     0.998828        52352       853.33
   36765.695     0.999023        52362      1024.00
   36962.303     0.999121        52366      1137.78
   37224.447     0.999219        52371      1280.00
   37486.591     0.999316        52376      1462.86
   37748.735     0.999414        52381      1706.67
   38207.487     0.999512        52386      2048.00
   38600.703     0.999561        52388      2275.56
   38993.919     0.999609        52391      2560.00
   39583.743     0.999658        52394      2925.71
   39976.959     0.999707        52396      3413.33
   40435.711     0.999756        52399      4096.00
   40566.783     0.999780        52400      4551.11
   40665.087     0.999805        52401      5120.00
   40796.159     0.999829        52403      5851.43
   40927.231     0.999854        52405      6826.67
   40927.231     0.999878        52405      8192.00
   40959.999     0.999890        52406      9102.22
   40959.999     0.999902        52406     10240.00
   41222.143     0.999915        52408     11702.86
   41222.143     0.999927        52408     13653.33
   41222.143     0.999939        52408     16384.00
   41287.679     0.999945        52409     18204.44
   41287.679     0.999951        52409     20480.00
   41287.679     0.999957        52409     23405.71
   41418.751     0.999963        52410     27306.67
   41418.751     0.999969        52410     32768.00
   41418.751     0.999973        52410     36408.89
   41418.751     0.999976        52410     40960.00
   41418.751     0.999979        52410     46811.43
   41648.127     0.999982        52411     54613.33
   41648.127     1.000000        52411          inf
#[Mean    =     8871.541, StdDeviation   =     5986.834]
#[Max     =    41615.360, Total count    =        52411]
#[Buckets =           27, SubBuckets     =         2048]
----------------------------------------------------------

  Latency Distribution (HdrHistogram - Uncorrected Latency (measured without taking delayed starts into account))
 50.000%  214.65ms
 75.000%    1.04s 
 90.000%    1.36s 
 99.000%    3.10s 
 99.900%    7.38s 
 99.990%   15.65s 
 99.999%   32.23s 
100.000%   32.83s 

  Detailed Percentile spectrum:
       Value   Percentile   TotalCount 1/(1-Percentile)

      14.119     0.000000            1         1.00
      66.751     0.100000         5246         1.11
      95.615     0.200000        10488         1.25
     127.487     0.300000        15730         1.43
     163.839     0.400000        20977         1.67
     214.655     0.500000        26209         2.00
     244.735     0.550000        28827         2.22
     283.135     0.600000        31471         2.50
     344.831     0.650000        34070         2.86
     505.087     0.700000        36689         3.33
    1042.431     0.750000        39315         4.00
    1091.583     0.775000        40628         4.44
    1129.471     0.800000        41935         5.00
    1170.431     0.825000        43254         5.71
    1221.631     0.850000        44564         6.67
    1275.903     0.875000        45874         8.00
    1312.767     0.887500        46520         8.89
    1358.847     0.900000        47181        10.00
    1409.023     0.912500        47829        11.43
    1463.295     0.925000        48494        13.33
    1525.759     0.937500        49146        16.00
    1565.695     0.943750        49468        17.78
    1616.895     0.950000        49794        20.00
    1688.575     0.956250        50122        22.86
    1806.335     0.962500        50446        26.67
    2001.919     0.968750        50774        32.00
    2092.031     0.971875        50938        35.56
    2195.455     0.975000        51102        40.00
    2283.519     0.978125        51265        45.71
    2408.447     0.981250        51432        53.33
    2543.615     0.984375        51593        64.00
    2674.687     0.985938        51674        71.11
    2834.431     0.987500        51758        80.00
    3063.807     0.989062        51841        91.43
    3123.199     0.990625        51922       106.67
    3194.879     0.992188        52003       128.00
    3233.791     0.992969        52044       142.22
    3278.847     0.993750        52084       160.00
    3641.343     0.994531        52125       182.86
    4032.511     0.995313        52166       213.33
    4134.911     0.996094        52207       256.00
    4259.839     0.996484        52228       284.44
    4370.431     0.996875        52249       320.00
    4440.063     0.997266        52268       365.71
    4538.367     0.997656        52289       426.67
    7077.887     0.998047        52312       512.00
    7094.271     0.998242        52322       568.89
    7106.559     0.998437        52330       640.00
    7147.519     0.998633        52341       731.43
    7241.727     0.998828        52350       853.33
    7503.871     0.999023        52360      1024.00
    7614.463     0.999121        52365      1137.78
    7909.375     0.999219        52371      1280.00
    8175.615     0.999316        52376      1462.86
    8220.671     0.999414        52381      1706.67
    8257.535     0.999512        52386      2048.00
    8269.823     0.999561        52388      2275.56
    8847.359     0.999609        52391      2560.00
   15171.583     0.999658        52394      2925.71
   15179.775     0.999707        52398      3413.33
   15253.503     0.999756        52400      4096.00
   15253.503     0.999780        52400      4551.11
   15261.695     0.999805        52402      5120.00
   15269.887     0.999829        52403      5851.43
   15392.767     0.999854        52404      6826.67
   15564.799     0.999878        52405      8192.00
   15654.911     0.999890        52406      9102.22
   15654.911     0.999902        52406     10240.00
   16367.615     0.999915        52408     11702.86
   16367.615     0.999927        52408     13653.33
   16367.615     0.999939        52408     16384.00
   16744.447     0.999945        52409     18204.44
   16744.447     0.999951        52409     20480.00
   16744.447     0.999957        52409     23405.71
   32227.327     0.999963        52410     27306.67
   32227.327     0.999969        52410     32768.00
   32227.327     0.999973        52410     36408.89
   32227.327     0.999976        52410     40960.00
   32227.327     0.999979        52410     46811.43
   32833.535     0.999982        52411     54613.33
   32833.535     1.000000        52411          inf
#[Mean    =      542.806, StdDeviation   =      771.987]
#[Max     =    32817.152, Total count    =        52411]
#[Buckets =           27, SubBuckets     =         2048]
----------------------------------------------------------
  58705 requests in 1.50m, 7.54GB read
  Socket errors: connect 0, read 25, write 0, timeout 27930
  Non-2xx or 3xx responses: 44772
Requests/sec:    652.05
Transfer/sec:     85.78MB
