Running 2m test @ http://128.199.233.75/app-distribute/behavirol-1.php
  2 threads and 1000 connections
  Thread calibration: mean lat.: 3253.253ms, rate sampling interval: 11534ms
  Thread calibration: mean lat.: 3293.542ms, rate sampling interval: 11616ms
  Thread Stats   Avg      Stdev     Max   +/- Stdev
    Latency    10.21s     7.02s    0.88m    72.60%
    Req/Sec   330.92     63.96   428.00     66.67%
  Latency Distribution (HdrHistogram - Recorded Latency)
 50.000%    8.96s 
 75.000%   13.63s 
 90.000%   19.25s 
 99.000%   33.52s 
 99.900%   47.12s 
 99.990%    0.86m 
 99.999%    0.88m 
100.000%    0.88m 

  Detailed Percentile spectrum:
       Value   Percentile   TotalCount 1/(1-Percentile)

       1.160     0.000000            1         1.00
    2476.031     0.100000         5351         1.11
    4358.143     0.200000        10694         1.25
    6045.695     0.300000        16049         1.43
    7462.911     0.400000        21400         1.67
    8962.047     0.500000        26755         2.00
    9764.863     0.550000        29415         2.22
   10575.871     0.600000        32080         2.50
   11517.951     0.650000        34750         2.86
   12550.143     0.700000        37443         3.33
   13631.487     0.750000        40099         4.00
   14245.887     0.775000        41447         4.44
   14901.247     0.800000        42778         5.00
   15695.871     0.825000        44105         5.71
   16711.679     0.850000        45444         6.67
   17858.559     0.875000        46791         8.00
   18497.535     0.887500        47453         8.89
   19251.199     0.900000        48127        10.00
   20037.631     0.912500        48782        11.43
   20889.599     0.925000        49455        13.33
   22036.479     0.937500        50123        16.00
   22740.991     0.943750        50457        17.78
   23527.423     0.950000        50792        20.00
   24494.079     0.956250        51122        22.86
   25509.887     0.962500        51455        26.67
   26755.071     0.968750        51788        32.00
   27459.583     0.971875        51955        35.56
   28262.399     0.975000        52122        40.00
   29147.135     0.978125        52293        45.71
   30015.487     0.981250        52460        53.33
   31162.367     0.984375        52623        64.00
   31735.807     0.985938        52709        71.11
   32358.399     0.987500        52791        80.00
   33030.143     0.989062        52875        91.43
   33849.343     0.990625        52958       106.67
   34799.615     0.992188        53042       128.00
   35422.207     0.992969        53083       142.22
   36077.567     0.993750        53125       160.00
   36929.535     0.994531        53166       182.86
   37748.735     0.995313        53208       213.33
   38567.935     0.996094        53251       256.00
   39157.759     0.996484        53271       284.44
   39583.743     0.996875        53291       320.00
   40140.799     0.997266        53312       365.71
   41418.751     0.997656        53333       426.67
   42696.703     0.998047        53355       512.00
   43352.063     0.998242        53366       568.89
   43974.655     0.998437        53376       640.00
   44498.943     0.998633        53385       731.43
   46497.791     0.998828        53397       853.33
   47218.687     0.999023        53406      1024.00
   47579.135     0.999121        53413      1137.78
   48037.887     0.999219        53418      1280.00
   48529.407     0.999316        53422      1462.86
   48824.319     0.999414        53427      1706.67
   49217.535     0.999512        53432      2048.00
   49512.447     0.999561        53436      2275.56
   49872.895     0.999609        53438      2560.00
   49905.663     0.999658        53440      2925.71
   50167.807     0.999707        53443      3413.33
   50298.879     0.999756        53446      4096.00
   50364.415     0.999780        53447      4551.11
   50462.719     0.999805        53449      5120.00
   50462.719     0.999829        53449      5851.43
   50757.631     0.999854        53451      6826.67
   51150.847     0.999878        53452      8192.00
   51544.063     0.999890        53453      9102.22
   51544.063     0.999902        53453     10240.00
   52002.815     0.999915        53454     11702.86
   52330.495     0.999927        53455     13653.33
   52330.495     0.999939        53455     16384.00
   52428.799     0.999945        53456     18204.44
   52428.799     0.999951        53456     20480.00
   52428.799     0.999957        53456     23405.71
   52690.943     0.999963        53457     27306.67
   52690.943     0.999969        53457     32768.00
   52690.943     0.999973        53457     36408.89
   52690.943     0.999976        53457     40960.00
   52690.943     0.999979        53457     46811.43
   53084.159     0.999982        53458     54613.33
   53084.159     1.000000        53458          inf
#[Mean    =    10214.304, StdDeviation   =     7016.678]
#[Max     =    53051.392, Total count    =        53458]
#[Buckets =           27, SubBuckets     =         2048]
----------------------------------------------------------

  Latency Distribution (HdrHistogram - Uncorrected Latency (measured without taking delayed starts into account))
 50.000%  205.57ms
 75.000%    1.04s 
 90.000%    1.38s 
 99.000%    3.23s 
 99.900%    8.23s 
 99.990%   31.11s 
 99.999%   31.11s 
100.000%   31.31s 

  Detailed Percentile spectrum:
       Value   Percentile   TotalCount 1/(1-Percentile)

       0.539     0.000000            1         1.00
      53.375     0.100000         5348         1.11
      86.655     0.200000        10696         1.25
     117.055     0.300000        16045         1.43
     157.823     0.400000        21404         1.67
     205.567     0.500000        26740         2.00
     232.191     0.550000        29409         2.22
     272.639     0.600000        32081         2.50
     339.455     0.650000        34750         2.86
     471.039     0.700000        37424         3.33
    1043.455     0.750000        40095         4.00
    1110.015     0.775000        41433         4.44
    1161.215     0.800000        42767         5.00
    1210.367     0.825000        44119         5.71
    1257.471     0.850000        45457         6.67
    1312.767     0.875000        46789         8.00
    1345.535     0.887500        47453         8.89
    1381.375     0.900000        48120        10.00
    1420.287     0.912500        48793        11.43
    1467.391     0.925000        49457        13.33
    1535.999     0.937500        50122        16.00
    1585.151     0.943750        50453        17.78
    1651.711     0.950000        50794        20.00
    1738.751     0.956250        51121        22.86
    1915.903     0.962500        51456        26.67
    2125.823     0.968750        51792        32.00
    2201.599     0.971875        51955        35.56
    2291.711     0.975000        52124        40.00
    2398.207     0.978125        52290        45.71
    2547.711     0.981250        52458        53.33
    3028.991     0.984375        52624        64.00
    3110.911     0.985938        52710        71.11
    3131.391     0.987500        52791        80.00
    3196.927     0.989062        52874        91.43
    3266.559     0.990625        52958       106.67
    3448.831     0.992188        53041       128.00
    3909.631     0.992969        53083       142.22
    4077.567     0.993750        53124       160.00
    4190.207     0.994531        53166       182.86
    4337.663     0.995313        53208       213.33
    4472.831     0.996094        53250       256.00
    6209.535     0.996484        53271       284.44
    7167.999     0.996875        53291       320.00
    7208.959     0.997266        53313       365.71
    7221.247     0.997656        53337       426.67
    7278.591     0.998047        53355       512.00
    7376.895     0.998242        53365       568.89
    7426.047     0.998437        53375       640.00
    7475.199     0.998633        53385       731.43
    8134.655     0.998828        53396       853.33
    8237.055     0.999023        53407      1024.00
    8257.535     0.999121        53413      1137.78
    8318.975     0.999219        53417      1280.00
    8368.127     0.999316        53422      1462.86
    8445.951     0.999414        53427      1706.67
   12058.623     0.999512        53434      2048.00
   12967.935     0.999561        53435      2275.56
   13828.095     0.999609        53438      2560.00
   15163.391     0.999658        53441      2925.71
   15302.655     0.999707        53443      3413.33
   15310.847     0.999756        53445      4096.00
   15327.231     0.999780        53447      4551.11
   15523.839     0.999805        53448      5120.00
   15540.223     0.999829        53449      5851.43
   31113.215     0.999854        53457      6826.67
   31113.215     0.999878        53457      8192.00
   31113.215     0.999890        53457      9102.22
   31113.215     0.999902        53457     10240.00
   31113.215     0.999915        53457     11702.86
   31113.215     0.999927        53457     13653.33
   31113.215     0.999939        53457     16384.00
   31113.215     0.999945        53457     18204.44
   31113.215     0.999951        53457     20480.00
   31113.215     0.999957        53457     23405.71
   31113.215     0.999963        53457     27306.67
   31113.215     0.999969        53457     32768.00
   31113.215     0.999973        53457     36408.89
   31113.215     0.999976        53457     40960.00
   31113.215     0.999979        53457     46811.43
   31309.823     0.999982        53458     54613.33
   31309.823     1.000000        53458          inf
#[Mean    =      550.187, StdDeviation   =      882.731]
#[Max     =    31293.440, Total count    =        53458]
#[Buckets =           27, SubBuckets     =         2048]
----------------------------------------------------------
  60460 requests in 1.50m, 7.29GB read
  Socket errors: connect 0, read 4828, write 0, timeout 27481
  Non-2xx or 3xx responses: 46994
Requests/sec:    671.77
Transfer/sec:     82.96MB
