Running 2m test @ http://128.199.233.75/app-distribute/behavirol-2.php
  2 threads and 1000 connections
  Thread calibration: mean lat.: 4061.522ms, rate sampling interval: 17252ms
  Thread calibration: mean lat.: 5547.676ms, rate sampling interval: 18300ms
  Thread Stats   Avg      Stdev     Max   +/- Stdev
    Latency    40.94s    18.31s    1.27m    58.14%
    Req/Sec    71.62      4.12    79.00     75.00%
  Latency Distribution (HdrHistogram - Recorded Latency)
 50.000%   41.03s
 75.000%    0.95m
 90.000%    1.10m
 99.000%    1.21m
 99.900%    1.24m
 99.990%    1.27m
 99.999%    1.27m
100.000%    1.27m

  Detailed Percentile spectrum:
       Value   Percentile   TotalCount 1/(1-Percentile)

     316.927     0.000000            1         1.00
   16244.735     0.100000         1114         1.11
   22151.167     0.200000         2231         1.25
   27656.191     0.300000         3341         1.43
   33882.111     0.400000         4454         1.67
   41025.535     0.500000         5570         2.00
   44400.639     0.550000         6127         2.22
   47874.047     0.600000         6681         2.50
   51216.383     0.650000         7238         2.86
   54231.039     0.700000         7796         3.33
   57016.319     0.750000         8355         4.00
   58359.807     0.775000         8641         4.44
   59867.135     0.800000         8909         5.00
   61505.535     0.825000         9188         5.71
   63176.703     0.850000         9476         6.67
   64552.959     0.875000         9744         8.00
   65142.783     0.887500         9883         8.89
   65798.143     0.900000        10025        10.00
   66486.271     0.912500        10162        11.43
   67174.399     0.925000        10300        13.33
   68026.367     0.937500        10448        16.00
   68485.119     0.943750        10514        17.78
   69009.407     0.950000        10580        20.00
   69533.695     0.956250        10652        22.86
   70057.983     0.962500        10724        26.67
   70451.199     0.968750        10790        32.00
   70647.807     0.971875        10829        35.56
   70909.951     0.975000        10866        40.00
   71106.559     0.978125        10893        45.71
   71434.239     0.981250        10927        53.33
   71761.919     0.984375        10970        64.00
   71827.455     0.985938        10980        71.11
   72024.063     0.987500        11000        80.00
   72220.671     0.989062        11017        91.43
   72417.279     0.990625        11031       106.67
   72679.423     0.992188        11049       128.00
   72810.495     0.992969        11061       142.22
   72876.031     0.993750        11070       160.00
   72941.567     0.994531        11076       182.86
   73072.639     0.995313        11083       213.33
   73400.319     0.996094        11093       256.00
   73531.391     0.996484        11096       284.44
   73727.999     0.996875        11103       320.00
   73793.535     0.997266        11105       365.71
   73859.071     0.997656        11110       426.67
   74055.679     0.998047        11116       512.00
   74055.679     0.998242        11116       568.89
   74317.823     0.998437        11119       640.00
   74383.359     0.998633        11121       731.43
   74514.431     0.998828        11123       853.33
   74645.503     0.999023        11125      1024.00
   74711.039     0.999121        11127      1137.78
   74711.039     0.999219        11127      1280.00
   74776.575     0.999316        11128      1462.86
   74842.111     0.999414        11129      1706.67
   74907.647     0.999512        11131      2048.00
   74907.647     0.999561        11131      2275.56
   74907.647     0.999609        11131      2560.00
   75366.399     0.999658        11132      2925.71
   75366.399     0.999707        11132      3413.33
   75759.615     0.999756        11133      4096.00
   75759.615     0.999780        11133      4551.11
   75759.615     0.999805        11133      5120.00
   76152.831     0.999829        11135      5851.43
   76152.831     1.000000        11135          inf
#[Mean    =    40943.240, StdDeviation   =    18306.873]
#[Max     =    76087.296, Total count    =        11135]
#[Buckets =           27, SubBuckets     =         2048]
----------------------------------------------------------

  Latency Distribution (HdrHistogram - Uncorrected Latency (measured without taking delayed starts into account))
 50.000%    2.51s
 75.000%    3.23s
 90.000%    3.98s
 99.000%    6.39s
 99.900%   12.25s
 99.990%   18.35s
 99.999%   31.74s
100.000%   31.74s

  Detailed Percentile spectrum:
       Value   Percentile   TotalCount 1/(1-Percentile)

       0.428     0.000000            1         1.00
    1381.375     0.100000         1115         1.11
    1734.655     0.200000         2230         1.25
    2024.447     0.300000         3341         1.43
    2277.375     0.400000         4459         1.67
    2506.751     0.500000         5573         2.00
    2627.583     0.550000         6127         2.22
    2754.559     0.600000         6686         2.50
    2904.063     0.650000         7241         2.86
    3061.759     0.700000         7801         3.33
    3233.791     0.750000         8356         4.00
    3321.855     0.775000         8630         4.44
    3432.447     0.800000         8911         5.00
    3543.039     0.825000         9196         5.71
    3670.015     0.850000         9469         6.67
    3803.135     0.875000         9745         8.00
    3885.055     0.887500         9885         8.89
    3975.167     0.900000        10023        10.00
    4069.375     0.912500        10161        11.43
    4206.591     0.925000        10302        13.33
    4354.047     0.937500        10441        16.00
    4448.255     0.943750        10510        17.78
    4567.039     0.950000        10580        20.00
    4677.631     0.956250        10648        22.86
    4841.471     0.962500        10719        26.67
    5062.655     0.968750        10789        32.00
    5152.767     0.971875        10823        35.56
    5287.935     0.975000        10857        40.00
    5435.391     0.978125        10892        45.71
    5595.135     0.981250        10927        53.33
    5828.607     0.984375        10963        64.00
    5971.967     0.985938        10980        71.11
    6119.423     0.987500        10996        80.00
    6250.495     0.989062        11014        91.43
    6455.295     0.990625        11031       106.67
    6717.439     0.992188        11050       128.00
    6868.991     0.992969        11058       142.22
    6971.391     0.993750        11066       160.00
    7057.407     0.994531        11075       182.86
    7438.335     0.995313        11083       213.33
    7749.631     0.996094        11092       256.00
    7917.567     0.996484        11096       284.44
    8044.543     0.996875        11101       320.00
    8667.135     0.997266        11105       365.71
    9510.911     0.997656        11109       426.67
   10592.255     0.998047        11114       512.00
   10985.471     0.998242        11116       568.89
   11493.375     0.998437        11118       640.00
   11665.407     0.998633        11120       731.43
   11935.743     0.998828        11122       853.33
   12476.415     0.999023        11125      1024.00
   12812.287     0.999121        11126      1137.78
   13090.815     0.999219        11127      1280.00
   13123.583     0.999316        11128      1462.86
   13443.071     0.999414        11129      1706.67
   14581.759     0.999512        11130      2048.00
   15572.991     0.999561        11131      2275.56
   15572.991     0.999609        11131      2560.00
   16326.655     0.999658        11132      2925.71
   16326.655     0.999707        11132      3413.33
   17776.639     0.999756        11133      4096.00
   17776.639     0.999780        11133      4551.11
   17776.639     0.999805        11133      5120.00
   18350.079     0.999829        11134      5851.43
   18350.079     0.999854        11134      6826.67
   18350.079     0.999878        11134      8192.00
   18350.079     0.999890        11134      9102.22
   18350.079     0.999902        11134     10240.00
   31735.807     0.999915        11135     11702.86
   31735.807     1.000000        11135          inf
#[Mean    =     2638.988, StdDeviation   =     1245.475]
#[Max     =    31719.424, Total count    =        11135]
#[Buckets =           27, SubBuckets     =         2048]
----------------------------------------------------------
  13142 requests in 1.50m, 6.93GB read
  Socket errors: connect 0, read 2380, write 0, timeout 31380
  Non-2xx or 3xx responses: 356
Requests/sec:    145.98
Transfer/sec:     78.82MB
