Running 2m test @ http://128.199.233.75/app-distribute/behavirol-2.php
  2 threads and 1000 connections
  Thread calibration: mean lat.: 5906.165ms, rate sampling interval: 18939ms
  Thread calibration: mean lat.: 3959.449ms, rate sampling interval: 17121ms
  Thread Stats   Avg      Stdev     Max   +/- Stdev
    Latency    39.54s    18.26s    1.26m    57.06%
    Req/Sec    77.62      7.11    89.00     62.50%
  Latency Distribution (HdrHistogram - Recorded Latency)
 50.000%   39.39s 
 75.000%    0.92m 
 90.000%    1.08m 
 99.000%    1.20m 
 99.900%    1.24m 
 99.990%    1.26m 
 99.999%    1.27m 
100.000%    1.27m 

  Detailed Percentile spectrum:
       Value   Percentile   TotalCount 1/(1-Percentile)

    6848.511     0.000000            1         1.00
   15015.935     0.100000         1201         1.11
   20365.311     0.200000         2398         1.25
   25886.719     0.300000         3600         1.43
   32178.175     0.400000         4797         1.67
   39387.135     0.500000         5999         2.00
   43057.151     0.550000         6596         2.22
   45973.503     0.600000         7194         2.50
   49610.751     0.650000         7797         2.86
   52297.727     0.700000         8394         3.33
   55083.007     0.750000         8991         4.00
   56950.783     0.775000         9290         4.44
   58785.791     0.800000         9593         5.00
   60293.119     0.825000         9890         5.71
   61571.071     0.850000        10193         6.67
   62914.559     0.875000        10493         8.00
   63733.759     0.887500        10641         8.89
   64552.959     0.900000        10789        10.00
   65503.231     0.912500        10941        11.43
   66453.503     0.925000        11089        13.33
   67436.543     0.937500        11240        16.00
   67895.295     0.943750        11313        17.78
   68288.511     0.950000        11390        20.00
   68812.799     0.956250        11466        22.86
   69206.015     0.962500        11540        26.67
   69664.767     0.968750        11617        32.00
   69992.447     0.971875        11654        35.56
   70254.591     0.975000        11693        40.00
   70582.271     0.978125        11726        45.71
   70909.951     0.981250        11769        53.33
   71172.095     0.984375        11800        64.00
   71303.167     0.985938        11823        71.11
   71499.775     0.987500        11845        80.00
   71630.847     0.989062        11857        91.43
   71892.991     0.990625        11878       106.67
   72155.135     0.992188        11896       128.00
   72351.743     0.992969        11904       142.22
   72548.351     0.993750        11917       160.00
   72679.423     0.994531        11924       182.86
   72810.495     0.995313        11931       213.33
   73007.103     0.996094        11942       256.00
   73138.175     0.996484        11945       284.44
   73334.783     0.996875        11950       320.00
   73531.391     0.997266        11955       365.71
   73662.463     0.997656        11961       426.67
   73859.071     0.998047        11964       512.00
   74055.679     0.998242        11966       568.89
   74252.287     0.998437        11971       640.00
   74252.287     0.998633        11971       731.43
   74383.359     0.998828        11974       853.33
   74448.895     0.999023        11976      1024.00
   74579.967     0.999121        11979      1137.78
   74579.967     0.999219        11979      1280.00
   74579.967     0.999316        11979      1462.86
   74645.503     0.999414        11980      1706.67
   74711.039     0.999512        11982      2048.00
   74711.039     0.999561        11982      2275.56
   75563.007     0.999609        11983      2560.00
   75563.007     0.999658        11983      2925.71
   75694.079     0.999707        11984      3413.33
   75759.615     0.999756        11985      4096.00
   75759.615     0.999780        11985      4551.11
   75759.615     0.999805        11985      5120.00
   75759.615     0.999829        11985      5851.43
   75890.687     0.999854        11986      6826.67
   75890.687     0.999878        11986      8192.00
   75890.687     0.999890        11986      9102.22
   75890.687     0.999902        11986     10240.00
   75890.687     0.999915        11986     11702.86
   75956.223     0.999927        11987     13653.33
   75956.223     1.000000        11987          inf
#[Mean    =    39544.234, StdDeviation   =    18256.550]
#[Max     =    75890.688, Total count    =        11987]
#[Buckets =           27, SubBuckets     =         2048]
----------------------------------------------------------

  Latency Distribution (HdrHistogram - Uncorrected Latency (measured without taking delayed starts into account))
 50.000%    2.11s 
 75.000%    2.90s 
 90.000%    4.12s 
 99.000%    8.31s 
 99.900%   16.15s 
 99.990%   34.90s 
 99.999%   40.11s 
100.000%   40.11s 

  Detailed Percentile spectrum:
       Value   Percentile   TotalCount 1/(1-Percentile)

     280.831     0.000000            1         1.00
    1203.199     0.100000         1199         1.11
    1413.119     0.200000         2404         1.25
    1617.919     0.300000         3599         1.43
    1848.319     0.400000         4801         1.67
    2107.391     0.500000         5996         2.00
    2236.415     0.550000         6593         2.22
    2381.823     0.600000         7193         2.50
    2525.183     0.650000         7798         2.86
    2682.879     0.700000         8394         3.33
    2895.871     0.750000         8998         4.00
    3026.943     0.775000         9293         4.44
    3182.591     0.800000         9594         5.00
    3368.959     0.825000         9890         5.71
    3598.335     0.850000        10190         6.67
    3848.191     0.875000        10490         8.00
    4003.839     0.887500        10641         8.89
    4120.575     0.900000        10789        10.00
    4268.031     0.912500        10941        11.43
    4440.063     0.925000        11088        13.33
    4673.535     0.937500        11240        16.00
    4788.223     0.943750        11313        17.78
    4960.255     0.950000        11389        20.00
    5169.151     0.956250        11464        22.86
    5386.239     0.962500        11538        26.67
    5652.479     0.968750        11613        32.00
    5804.031     0.971875        11650        35.56
    6045.695     0.975000        11688        40.00
    6299.647     0.978125        11725        45.71
    6578.175     0.981250        11763        53.33
    7229.439     0.984375        11800        64.00
    7618.559     0.985938        11819        71.11
    8011.775     0.987500        11838        80.00
    8191.999     0.989062        11856        91.43
    8404.991     0.990625        11875       106.67
    8822.783     0.992188        11894       128.00
    9019.391     0.992969        11903       142.22
    9199.615     0.993750        11913       160.00
    9469.951     0.994531        11923       182.86
    9633.791     0.995313        11931       213.33
    9961.471     0.996094        11941       256.00
   10035.199     0.996484        11945       284.44
   10469.375     0.996875        11950       320.00
   10985.471     0.997266        11955       365.71
   11517.951     0.997656        11959       426.67
   12738.559     0.998047        11964       512.00
   13115.391     0.998242        11966       568.89
   14434.303     0.998437        11970       640.00
   15065.087     0.998633        11971       731.43
   15597.567     0.998828        11973       853.33
   17039.359     0.999023        11976      1024.00
   17678.335     0.999121        11977      1137.78
   17989.631     0.999219        11978      1280.00
   18038.783     0.999316        11979      1462.86
   18759.679     0.999414        11980      1706.67
   19431.423     0.999512        11982      2048.00
   19431.423     0.999561        11982      2275.56
   20103.167     0.999609        11983      2560.00
   20103.167     0.999658        11983      2925.71
   25182.207     0.999707        11984      3413.33
   25247.743     0.999756        11985      4096.00
   25247.743     0.999780        11985      4551.11
   25247.743     0.999805        11985      5120.00
   25247.743     0.999829        11985      5851.43
   34897.919     0.999854        11986      6826.67
   34897.919     0.999878        11986      8192.00
   34897.919     0.999890        11986      9102.22
   34897.919     0.999902        11986     10240.00
   34897.919     0.999915        11986     11702.86
   40108.031     0.999927        11987     13653.33
   40108.031     1.000000        11987          inf
#[Mean    =     2465.104, StdDeviation   =     1556.657]
#[Max     =    40075.264, Total count    =        11987]
#[Buckets =           27, SubBuckets     =         2048]
----------------------------------------------------------
  13808 requests in 1.50m, 7.42GB read
  Socket errors: connect 0, read 3672, write 0, timeout 31029
  Non-2xx or 3xx responses: 83
Requests/sec:    153.40
Transfer/sec:     84.43MB
