Running 2m test @ http://128.199.233.75/app-distribute/behavirol-2.php
  2 threads and 1000 connections
  Thread calibration: mean lat.: 3816.825ms, rate sampling interval: 15073ms
  Thread calibration: mean lat.: 4461.307ms, rate sampling interval: 15466ms
  Thread Stats   Avg      Stdev     Max   +/- Stdev
    Latency    40.99s    18.13s    1.30m    57.61%
    Req/Sec    72.10      6.06    83.00     80.00%
  Latency Distribution (HdrHistogram - Recorded Latency)
 50.000%   41.98s 
 75.000%    0.94m 
 90.000%    1.08m 
 99.000%    1.19m 
 99.900%    1.25m 
 99.990%    1.29m 
 99.999%    1.30m 
100.000%    1.30m 

  Detailed Percentile spectrum:
       Value   Percentile   TotalCount 1/(1-Percentile)

    7458.815     0.000000            1         1.00
   15458.303     0.100000         1127         1.11
   21626.879     0.200000         2256         1.25
   28524.543     0.300000         3381         1.43
   34963.455     0.400000         4511         1.67
   41975.807     0.500000         5635         2.00
   45055.999     0.550000         6196         2.22
   48201.727     0.600000         6762         2.50
   51183.615     0.650000         7322         2.86
   54132.735     0.700000         7888         3.33
   56623.103     0.750000         8448         4.00
   58064.895     0.775000         8734         4.44
   59572.223     0.800000         9018         5.00
   61079.551     0.825000         9298         5.71
   62455.807     0.850000         9576         6.67
   63700.991     0.875000         9857         8.00
   64323.583     0.887500         9998         8.89
   65011.711     0.900000        10144        10.00
   65798.143     0.912500        10282        11.43
   66748.415     0.925000        10423        13.33
   67567.615     0.937500        10573        16.00
   67960.831     0.943750        10631        17.78
   68354.047     0.950000        10703        20.00
   68878.335     0.956250        10782        22.86
   69271.551     0.962500        10851        26.67
   69664.767     0.968750        10918        32.00
   69926.911     0.971875        10953        35.56
   70189.055     0.975000        10989        40.00
   70385.663     0.978125        11023        45.71
   70647.807     0.981250        11054        53.33
   70975.487     0.984375        11093        64.00
   71041.023     0.985938        11106        71.11
   71237.631     0.987500        11131        80.00
   71368.703     0.989062        11144        91.43
   71565.311     0.990625        11159       106.67
   71892.991     0.992188        11180       128.00
   72024.063     0.992969        11187       142.22
   72155.135     0.993750        11195       160.00
   72351.743     0.994531        11205       182.86
   72613.887     0.995313        11214       213.33
   72810.495     0.996094        11220       256.00
   73138.175     0.996484        11226       284.44
   73269.247     0.996875        11230       320.00
   73596.927     0.997266        11236       365.71
   73662.463     0.997656        11238       426.67
   73990.143     0.998047        11243       512.00
   74121.215     0.998242        11245       568.89
   74186.751     0.998437        11247       640.00
   74317.823     0.998633        11249       731.43
   74514.431     0.998828        11251       853.33
   74711.039     0.999023        11253      1024.00
   75300.863     0.999121        11255      1137.78
   75497.471     0.999219        11256      1280.00
   75563.007     0.999316        11258      1462.86
   75563.007     0.999414        11258      1706.67
   75890.687     0.999512        11260      2048.00
   75890.687     0.999561        11260      2275.56
   75890.687     0.999609        11260      2560.00
   75956.223     0.999658        11261      2925.71
   75956.223     0.999707        11261      3413.33
   77135.871     0.999756        11262      4096.00
   77135.871     0.999780        11262      4551.11
   77135.871     0.999805        11262      5120.00
   77660.159     0.999829        11263      5851.43
   77660.159     0.999854        11263      6826.67
   77660.159     0.999878        11263      8192.00
   77660.159     0.999890        11263      9102.22
   77660.159     0.999902        11263     10240.00
   78184.447     0.999915        11264     11702.86
   78184.447     1.000000        11264          inf
#[Mean    =    40994.171, StdDeviation   =    18134.882]
#[Max     =    78118.912, Total count    =        11264]
#[Buckets =           27, SubBuckets     =         2048]
----------------------------------------------------------

  Latency Distribution (HdrHistogram - Uncorrected Latency (measured without taking delayed starts into account))
 50.000%    2.44s 
 75.000%    3.13s 
 90.000%    3.89s 
 99.000%    7.11s 
 99.900%   21.15s 
 99.990%   29.64s 
 99.999%   34.41s 
100.000%   34.41s 

  Detailed Percentile spectrum:
       Value   Percentile   TotalCount 1/(1-Percentile)

     385.279     0.000000            1         1.00
    1385.471     0.100000         1131         1.11
    1666.047     0.200000         2255         1.25
    1938.431     0.300000         3386         1.43
    2195.455     0.400000         4513         1.67
    2441.215     0.500000         5639         2.00
    2557.951     0.550000         6208         2.22
    2676.735     0.600000         6764         2.50
    2813.951     0.650000         7325         2.86
    2961.407     0.700000         7887         3.33
    3125.247     0.750000         8448         4.00
    3213.311     0.775000         8730         4.44
    3323.903     0.800000         9016         5.00
    3440.639     0.825000         9300         5.71
    3551.231     0.850000         9575         6.67
    3698.687     0.875000         9857         8.00
    3799.039     0.887500        10000         8.89
    3893.247     0.900000        10142        10.00
    4003.839     0.912500        10280        11.43
    4136.959     0.925000        10422        13.33
    4317.183     0.937500        10560        16.00
    4423.679     0.943750        10634        17.78
    4538.367     0.950000        10705        20.00
    4665.343     0.956250        10772        22.86
    4825.087     0.962500        10843        26.67
    5005.311     0.968750        10913        32.00
    5156.863     0.971875        10950        35.56
    5316.607     0.975000        10983        40.00
    5582.847     0.978125        11021        45.71
    5828.607     0.981250        11053        53.33
    6201.343     0.984375        11088        64.00
    6422.527     0.985938        11106        71.11
    6676.479     0.987500        11124        80.00
    6901.759     0.989062        11141        91.43
    7319.551     0.990625        11159       106.67
    8175.615     0.992188        11176       128.00
    8318.975     0.992969        11185       142.22
    8691.711     0.993750        11194       160.00
    9043.967     0.994531        11203       182.86
    9519.103     0.995313        11212       213.33
   10469.375     0.996094        11220       256.00
   11001.855     0.996484        11225       284.44
   12099.583     0.996875        11229       320.00
   13795.327     0.997266        11234       365.71
   16343.039     0.997656        11238       426.67
   18006.015     0.998047        11242       512.00
   18120.703     0.998242        11245       568.89
   18497.535     0.998437        11247       640.00
   19087.359     0.998633        11249       731.43
   19775.487     0.998828        11251       853.33
   21151.743     0.999023        11253      1024.00
   21561.343     0.999121        11255      1137.78
   21692.415     0.999219        11256      1280.00
   21807.103     0.999316        11257      1462.86
   22052.863     0.999414        11258      1706.67
   24117.247     0.999512        11259      2048.00
   25116.671     0.999561        11260      2275.56
   25116.671     0.999609        11260      2560.00
   25362.431     0.999658        11261      2925.71
   25362.431     0.999707        11261      3413.33
   26099.711     0.999756        11262      4096.00
   26099.711     0.999780        11262      4551.11
   26099.711     0.999805        11262      5120.00
   29638.655     0.999829        11263      5851.43
   29638.655     0.999854        11263      6826.67
   29638.655     0.999878        11263      8192.00
   29638.655     0.999890        11263      9102.22
   29638.655     0.999902        11263     10240.00
   34406.399     0.999915        11264     11702.86
   34406.399     1.000000        11264          inf
#[Mean    =     2635.954, StdDeviation   =     1488.681]
#[Max     =    34373.632, Total count    =        11264]
#[Buckets =           27, SubBuckets     =         2048]
----------------------------------------------------------
  13281 requests in 1.50m, 7.16GB read
  Socket errors: connect 0, read 1543, write 0, timeout 31502
  Non-2xx or 3xx responses: 40
Requests/sec:    147.55
Transfer/sec:     81.44MB
