Running 2m test @ http://128.199.233.75/app-distribute/behavirol-1.php
  2 threads and 1000 connections
  Thread calibration: mean lat.: 1397.365ms, rate sampling interval: 5980ms
  Thread calibration: mean lat.: 1602.855ms, rate sampling interval: 6381ms
  Thread Stats   Avg      Stdev     Max   +/- Stdev
    Latency     4.13s     4.59s   45.19s    85.28%
    Req/Sec   320.46     93.24   477.00     66.67%
  Latency Distribution (HdrHistogram - Recorded Latency)
 50.000%    2.42s 
 75.000%    5.79s 
 90.000%   10.99s 
 99.000%   19.12s 
 99.900%   31.82s 
 99.990%   37.81s 
 99.999%   42.83s 
100.000%   45.22s 

  Detailed Percentile spectrum:
       Value   Percentile   TotalCount 1/(1-Percentile)

       1.782     0.000000            1         1.00
     189.567     0.100000         5034         1.11
     666.623     0.200000        10069         1.25
    1138.687     0.300000        15104         1.43
    1684.479     0.400000        20138         1.67
    2418.687     0.500000        25167         2.00
    2873.343     0.550000        27688         2.22
    3401.727     0.600000        30206         2.50
    4057.087     0.650000        32719         2.86
    4825.087     0.700000        35234         3.33
    5787.647     0.750000        37754         4.00
    6344.703     0.775000        39018         4.44
    6979.583     0.800000        40274         5.00
    7725.055     0.825000        41526         5.71
    8634.367     0.850000        42789         6.67
    9715.711     0.875000        44046         8.00
   10330.111     0.887500        44675         8.89
   10993.663     0.900000        45312        10.00
   11640.831     0.912500        45928        11.43
   12361.727     0.925000        46562        13.33
   13099.007     0.937500        47188        16.00
   13492.223     0.943750        47501        17.78
   13910.015     0.950000        47818        20.00
   14385.151     0.956250        48131        22.86
   15007.743     0.962500        48445        26.67
   15720.447     0.968750        48760        32.00
   16105.471     0.971875        48917        35.56
   16506.879     0.975000        49074        40.00
   16924.671     0.978125        49233        45.71
   17416.191     0.981250        49396        53.33
   17907.711     0.984375        49549        64.00
   18186.239     0.985938        49625        71.11
   18497.535     0.987500        49703        80.00
   18890.751     0.989062        49785        91.43
   19349.503     0.990625        49865       106.67
   19939.327     0.992188        49941       128.00
   20283.391     0.992969        49980       142.22
   20676.607     0.993750        50018       160.00
   21233.663     0.994531        50057       182.86
   21790.719     0.995313        50097       213.33
   22315.007     0.996094        50136       256.00
   22691.839     0.996484        50156       284.44
   23052.287     0.996875        50175       320.00
   23609.343     0.997266        50195       365.71
   24313.855     0.997656        50215       426.67
   25083.903     0.998047        50234       512.00
   25526.271     0.998242        50244       568.89
   26312.703     0.998437        50254       640.00
   27590.655     0.998633        50264       731.43
   28753.919     0.998828        50274       853.33
   31850.495     0.999023        50283      1024.00
   32112.639     0.999121        50288      1137.78
   32391.167     0.999219        50293      1280.00
   32833.535     0.999316        50298      1462.86
   33882.111     0.999414        50304      1706.67
   34471.935     0.999512        50308      2048.00
   35356.671     0.999561        50310      2275.56
   35979.263     0.999609        50313      2560.00
   36208.639     0.999658        50315      2925.71
   36470.783     0.999707        50318      3413.33
   36798.463     0.999756        50320      4096.00
   37126.143     0.999780        50321      4551.11
   37486.591     0.999805        50323      5120.00
   37650.431     0.999829        50324      5851.43
   37683.199     0.999854        50325      6826.67
   37814.271     0.999878        50327      8192.00
   37814.271     0.999890        50327      9102.22
   37978.111     0.999902        50328     10240.00
   37978.111     0.999915        50328     11702.86
   38404.095     0.999927        50329     13653.33
   38404.095     0.999939        50329     16384.00
   42631.167     0.999945        50330     18204.44
   42631.167     0.999951        50330     20480.00
   42631.167     0.999957        50330     23405.71
   42827.775     0.999963        50331     27306.67
   42827.775     0.999969        50331     32768.00
   42827.775     0.999973        50331     36408.89
   42827.775     0.999976        50331     40960.00
   42827.775     0.999979        50331     46811.43
   45219.839     0.999982        50332     54613.33
   45219.839     1.000000        50332          inf
#[Mean    =     4128.199, StdDeviation   =     4590.295]
#[Max     =    45187.072, Total count    =        50332]
#[Buckets =           27, SubBuckets     =         2048]
----------------------------------------------------------

  Latency Distribution (HdrHistogram - Uncorrected Latency (measured without taking delayed starts into account))
 50.000%  180.35ms
 75.000%    1.01s 
 90.000%    1.34s 
 99.000%    3.23s 
 99.900%    8.16s 
 99.990%   15.61s 
 99.999%   16.65s 
100.000%   31.20s 

  Detailed Percentile spectrum:
       Value   Percentile   TotalCount 1/(1-Percentile)

       1.124     0.000000            1         1.00
      44.831     0.100000         5038         1.11
      71.999     0.200000        10069         1.25
      97.471     0.300000        15110         1.43
     129.919     0.400000        20142         1.67
     180.351     0.500000        25169         2.00
     208.511     0.550000        27684         2.22
     249.983     0.600000        30204         2.50
     323.071     0.650000        32716         2.86
     506.111     0.700000        35233         3.33
    1006.079     0.750000        37753         4.00
    1054.719     0.775000        39038         4.44
    1098.751     0.800000        40291         5.00
    1150.975     0.825000        41547         5.71
    1204.223     0.850000        42788         6.67
    1267.711     0.875000        44043         8.00
    1301.503     0.887500        44670         8.89
    1339.391     0.900000        45301        10.00
    1381.375     0.912500        45934        11.43
    1432.575     0.925000        46563        13.33
    1492.991     0.937500        47199        16.00
    1531.903     0.943750        47503        17.78
    1582.079     0.950000        47818        20.00
    1651.711     0.956250        48131        22.86
    1799.167     0.962500        48445        26.67
    2008.063     0.968750        48760        32.00
    2103.295     0.971875        48917        35.56
    2179.071     0.975000        49076        40.00
    2297.855     0.978125        49233        45.71
    2465.791     0.981250        49392        53.33
    2658.303     0.984375        49546        64.00
    2951.167     0.985938        49625        71.11
    3119.103     0.987500        49703        80.00
    3180.543     0.989062        49782        91.43
    3241.983     0.990625        49861       106.67
    3477.503     0.992188        49939       128.00
    3952.639     0.992969        49979       142.22
    4085.759     0.993750        50018       160.00
    4272.127     0.994531        50059       182.86
    4399.103     0.995313        50098       213.33
    4591.615     0.996094        50136       256.00
    4657.151     0.996484        50156       284.44
    4771.839     0.996875        50176       320.00
    4984.831     0.997266        50195       365.71
    7065.599     0.997656        50219       426.67
    7094.271     0.998047        50235       512.00
    7208.959     0.998242        50244       568.89
    7245.823     0.998437        50255       640.00
    7393.279     0.998633        50264       731.43
    7593.983     0.998828        50274       853.33
    8171.519     0.999023        50283      1024.00
    8216.575     0.999121        50288      1137.78
    8245.247     0.999219        50293      1280.00
    8286.207     0.999316        50298      1462.86
    8364.031     0.999414        50303      1706.67
    8634.367     0.999512        50308      2048.00
    8675.327     0.999561        50311      2275.56
    8839.167     0.999609        50313      2560.00
    9068.543     0.999658        50315      2925.71
   10076.159     0.999707        50318      3413.33
   15130.623     0.999756        50320      4096.00
   15212.543     0.999780        50322      4551.11
   15425.535     0.999805        50323      5120.00
   15441.919     0.999829        50324      5851.43
   15458.303     0.999854        50325      6826.67
   15597.567     0.999878        50326      8192.00
   15605.759     0.999890        50327      9102.22
   15990.783     0.999902        50328     10240.00
   15990.783     0.999915        50328     11702.86
   16121.855     0.999927        50329     13653.33
   16121.855     0.999939        50329     16384.00
   16130.047     0.999945        50330     18204.44
   16130.047     0.999951        50330     20480.00
   16130.047     0.999957        50330     23405.71
   16654.335     0.999963        50331     27306.67
   16654.335     0.999969        50331     32768.00
   16654.335     0.999973        50331     36408.89
   16654.335     0.999976        50331     40960.00
   16654.335     0.999979        50331     46811.43
   31195.135     0.999982        50332     54613.33
   31195.135     1.000000        50332          inf
#[Mean    =      523.510, StdDeviation   =      786.119]
#[Max     =    31178.752, Total count    =        50332]
#[Buckets =           27, SubBuckets     =         2048]
----------------------------------------------------------
  58172 requests in 1.50m, 7.55GB read
  Socket errors: connect 0, read 1169, write 0, timeout 27693
  Non-2xx or 3xx responses: 44234
Requests/sec:    646.36
Transfer/sec:     85.87MB
